168
242
988
18
364
959
108
284
497
267
353
343
113
701
532
199
797
942
158
32
950
75
288
489
458
647
774
451
9
715
757
140
9
461
10
167
521
69
625
455
571
571
946
616
817
673
394
942
790
117
313
147
204
572
70
700
584
579
137
811
422
510
732
563
471
328
554
291
343
899
867
972
843
908
504
179
744
585
906
371
787
158
405
857
806
506
83
729
360
89
243
183
245
413
74
800
542
489
319
522
229
337
652
340
470
948
142
287
9
967
947
410
494
945
365
99
419
850
372
932
881
159
321
544
986
758
811
825
869
217
140
129
567
106
500
677
948
609
815
612
81
322
408
716
114
371
776
658
836
393
687
637
293
455
95
510
115
564
68
187
170
984
231
689
917
12
805
470
65
977
954
275
370
7
718
882
392
775
761
314
636
323
319
985
632
856
730
779
620
962
636
784
459
578
868
231
255
717
150
191
513
832
451
839
756
426
348
654
531
601
672
253
32
684
820
339
444
356
336
296
862
149
721
449
324
810
11
198
341
311
101
511
30
735
950
682
15
580
347
862
63
915
956
644
731
15
915
924
458
702
420
993
175
596
386
102
81
367
292
766
429
970
106
253
511
345
9
539
874
554
418
576
296
556
449
282
445
386
467
649
534
796
305
381
882
126
219
720
720
428
827
164
631
946
723
711
408
3
497
608
11
854
645
713
694
971
693
436
863
427
247
710
268
878
572
250
567
923
672
714
244
826
305
610
3
809
681
832
485
773
215
968
813
244
220
660
889
776
594
828
763
14
480
16
97
216
870
443
266
648
652
602
294
627
142
728
802
204
857
316
31
172
47
701
441
623
292
51
558
662
292
511
884
2
406
921
651
125
438
701
116
784
808
855
109
618
833
359
861
527
774
352
303
763
233
540
116
232
110
330
782
750
463
562
561
704
234
578
814
76
589
326
395
272
941
966
321
172
154
232
143
126
117
269
476
373
135
242
12
522
388
231
744
998
810
120
839
420
319
495
364
251
846
414
506
735
333
959
17
390
491
868
283
493
420
570
461
837
723
592
508
795
208
239
400
431
54
42
45
654
530
328
275
554
102
352
197
564
498
874
305
485
175
648
996
808
578
697
437
733
628
747
946
607
111
396
945
63
519
164
894
333
33
788
236
571
191
869
741
460
628
277
335
402
570
293
189
333
217
950
548
1
325
570
359
510
710
245
193
751
169
301
956
328
522
243
507
210
101
386
767
926
794
303
541
472
691
668
724
324
333
810
772
887
400
21
75
742
310
981
316
343
602
679
34
521
480
526
395
741
894
151
377
652
387
829
567
396
449
826
380
303
954
301
111
475
223
672
433
400
440
639
455
725
419
670
833
502
929
69
837
349
819
108
745
379
15
607
196
956
439
35
993
780
591
832
818
104
568
214
11
941
296
210
330
609
638
771
153
321
993
391
15
911
662
351
389
12
197
730
368
977
867
926
761
712
206
645
406
578
203
466
150
351
371
891
635
445
873
607
553
712
540
379
673
934
752
849
558
584
832
767
596
503
815
687
371
682
90
105
898
129
34
755
242
71
552
999
354
796
55
485
337
245
175
458
165
936
859
525
90
428
728
168
884
620
841
633
464
203
98
616
275
532
452
727
744
159
650
588
622
603
100
361
317
100
48
817
773
258
34
617
250
891
81
258
637
869
40
746
264
969
403
718
597
665
508
931
365
681
481
898
562
335
31
610
420
282
53
625
557
782
756
538
715
424
997
678
202
803
358
132
933
87
55
714
171
961
969
190
839
832
713
253
24
516
0
974
720
292
821
325
829
617
220
731
204
501
552
916
836
459
817
879
406
268
668
895
167
963
102
818
166
612
650
817
752
982
7
557
579
304
999
365
889
194
874
664
690
841
356
955
416
772
963
404
421
38
101
222
821
559
773
548
593
505
839
210
497
549
344
359
449
848
590
514
802
280
524
522
494
30
994
28
734
380
628
277
572
155
671
154
225
549
136
37
935
766
452
714
113
143
851
626
778
673
232
618
507
324
907
373
830
66
860
178
44
445
21
821
814
739
199
900
922
956
367
310
395
628
806
233
462
743
913
373
466
854
772
210
392
890
213
444
589
609
918
745
771
150
591
232
61
9
288
108
222
211
731
790
534
161
846
770
811
246
650
827
214
423
735
842
579
311
778
9
205
700
442
110
563
609
763
54
147
351
411
61
206
697
411
179
405
393
416
970
41
462
105
971
601
495
732
801
804
645
465
621
261
421
426
444
685
898
130
918
110
860
717
487
143
374
515
514
114
891
311
378
557
162
312
957
10
531
515
431
712
102
656
566
407
838
64
904
987
998
813
718
764
506
161
820
841
60
521
827
523
599
117
182
643
651
828
664
451
852
528
867
442
909
396
521
689
412
790
597
321
789
573
667
975
860
474
15
767
96
405
632
336
224
496
208
348
647
89
865
356
21
138
988
623
850
149
13
753
350
514
364
464
992
956
150
555
298
843
911
42
537
808
947
721
968
701
525
793
538
726
54
449
423
551
60
708
443
567
525
577
362
60
973
537
463
198
246
368
68
128
668
652
546
344
983
399
202
257
511
834
869
897
121
919
943
514
224
648
728
34
834
670
932
181
58
673
669
430
350
5
680
257
210
596
103
503
414
112
785
418
330
976
996
547
489
818
526
436
140
394
370
518
368
507
425
32
267
851
956
805
643
312
2
790
43
779
2
734
291
987
584
616
586
316
261
888
644
403
18
245
745
603
733
246
476
900
935
825
113
198
539
922
796
401
356
649
535
307
870
919
621
92
506
219
994
434
425
670
617
696
978
483
737
157
71
962
667
485
774
50
204
23
431
841
628
804
276
126
722
60
926
916
103
839
383
147
198
816
466
556
361
239
778
763
122
852
253
448
995
300
800
365
396
467
710
579
851
252
681
572
736
6
924
412
198
103
266
548
179
779
61
270
903
968
566
708
415
341
66
637
236
229
9
543
46
204
128
97
453
502
306
88
846
211
835
450
675
192
522
551
111
31
521
929
3
891
249
57
570
581
239
272
482
962
716
568
613
505
267
598
657
955
190
585
146
715
718
542
92
163
890
243
398
774
402
54
166
145
406
677
5
553
207
271
227
894
685
697
576
457
108
92
649
4
928
199
36
268
211
965
743
675
732
426
571
685
582
173
689
168
859
937
301
477
911
652
296
57
810
250
885
93
521
295
780
976
427
999
63
458
999
612
363
812
216
526
171
224
958
996
407
367
201
640
297
62
819
362
385
164
619
397
852
410
333
183
669
330
418
470
8
222
91
419
335
613
414
927
227
21
818
293
246
947
922
486
948
79
372
49
219
833
506
956
662
937
535
439
884
732
156
786
278
801
494
601
150
100
577
411
862
941
118
13
656
157
304
681
15
960
37
139
699
820
473
61
586
875
161
506
602
144
701
549
687
717
23
618
31
436
365
224
972
604
471
553
123
569
490
683
817
457
94
642
631
801
616
749
204
716
165
183
534
660
167
45
600
275
330
709
726
487
19
641
30
841
210
321
210
423
292
142
631
80
686
47
519
636
972
67
435
373
108
429
379
226
467
229
596
2
248
203
484
635
746
407
501
230
606
579
744
533
86
228
117
181
678
431
727
110
507
846
881
371
469
789
303
184
163
803
205
3
606
17
472
922
323
964
790
262
666
779
798
88
348
847
27
114
660
69
507
70
266
608
550
847
150
937
87
585
605
114
185
164
17
288
231
164
867
219
298
381
694
470
579
45
276
663
699
564
779
990
474
569
343
276
103
956
398
769
857
474
200
980
193
743
381
929
273
405
546
410
381
393
811
959
146
469
392
922
564
834
109
535
408
784
310
398
846
233
743
303
95
892
55
410
355
96
250
581
391
783
569
423
672
110
643
879
701
970
401
9
835
179
297
253
436
537
419
761
326
405
299
962
139
2
468
118
288
185
41
887
699
688
159
977
952
643
291
642
815
538
179
674
119
169
623
591
312
81
623
626
820
331
521
593
750
288
55
495
648
232
819
308
830
644
28
912
216
988
999
728
911
886
217
647
665
407
394
868
862
242
619
881
596
745
563
670
51
331
947
689
234
187
285
860
310
983
683
947
302
732
370
838
666
636
192
140
990
264
872
200
9
478
77
785
401
17
894
796
206
712
819
104
464
182
763
205
9
94
645
557
57
361
733
194
191
681
761
313
215
38
597
228
950
774
267
239
528
337
514
705
246
320
527
567
102
354
108
388
447
438
177
177
437
805
57
723
174
9
433
111
337
132
116
851
2
483
51
671
874
268
464
989
157
981
313
230
362
782
544
523
945
948
988
965
505
615
554
218
406
488
661
878
117
285
352
873
443
849
268
170
377
387
332
632
96
446
605
355
582
264
794
487
293
935
505
884
953
971
879
792
875
567
813
72
287
615
213
864
817
388
982
824
496
497
606
0
567
65
771
396
412
87
101
641
824
905
510
82
317
183
477
177
870
643
601
108
660
677
803
780
505
699
876
835
909
139
41
635
191
361
713
646
377
572
681
545
608
4
9
566
874
27
241
274
621
297
991
750
591
192
24
633
138
752
209
333
715
838
485
827
757
787
631
802
665
422
763
293
979
679
488
527
551
26
562
165
842
560
567
960
39
728
407
284
664
861
388
45
637
610
262
562
818
360
136
90
821
278
597
281
61
889
523
945
651
415
774
336
61
254
504
622
930
415
531
571
449
765
865
401
919
815
174
386
241
805
98
469
555
795
341
512
174
530
554
813
854
531
777
520
851
705
905
122
252
422
62
757
545
620
34
389
237
843
291
74
968
311
59
598
698
461
750
928
102
147
776
161
976
667
329
928
984
692
628
990
24
190
100
849
458
455
491
818
841
79
50
47
333
416
435
948
141
986
858
371
828
514
266
835
166
109
494
309
695
364
963
413
340
246
783
501
12
658
234
568
271
392
224
423
874
748
62
960
734
484
854
762
798
221
741
692
635
840
379
266
353
940
132
639
302
204
525
346
815
751
80
995
15
121
371
988
320
735
769
613
646
975
66
929
25
559
195
348
93
233
508
13
868
347
550
527
575
60
789
709
240
224
810
93
210
156
14
553
416
402
257
199
207
846
319
368
20
921
29
991
873
226
940
280
357
607
606
139
72
605
239
791
369
138
767
928
629
349
794
700
153
975
576
955
272
267
677
741
66
798
444
141
378
982
82
458
23
175
838
788
968
585
981
864
965
406
338
401
697
980
515
280
243
859
395
289
343
985
332
302
565
856
737
502
498
3
900
462
828
932
790
106
171
929
324
393
218
85
216
690
215
620
720
60
845
601
289
80
936
988
329
949
977
941
950
16
764
845
123
494
473
362
923
506
691
357
835
615
598
468
997
604
137
439
242
807
803
271
368
935
621
613
1
814
246
819
710
741
517
330
179
182
282
172
794
562
871
287
206
192
62
941
713
833
351
62
443
389
94
247
502
39
183
652
159
208
353
725
35
297
782
479
547
598
857
734
805
466
450
493
387
874
794
238
142
126
535
318
205
548
514
314
531
703
753
525
871
372
868
370
873
299
817
794
584
881
104
885
985
348
560
201
969
640
10
201
803
211
190
162
988
638
970
206
54
831
213
736
667
650
232
237
977
79
896
796
350
667
362
749
566
984
243
627
150
416
891
45
319
759
485
558
711
357
432
359
156
738
118
680
560
619
369
806
508
997
439
17
798
236
629
509
251
748
944
221
709
577
182
459
430
727
413
837
107
39
209
659
525
395
6
874
566
128
510
819
983
512
678
271
334
622
47
405
97
808
164
87
662
718
561
335
637
201
863
980
85
699
475
693
335
106
400
928
432
325
920
378
356
436
608
463
260
952
113
991
410
980
781
656
835
461
289
459
329
81
401
879
590
347
601
448
574
228
929
378
390
930
827
842
74
749
606
866
622
960
734
326
929
530
949
837
716
382
33
590
82
880
88
664
682
688
152
219
632
128
227
169
589
844
955
745
228
868
439
969
671
243
763
864
681
870
371
508
399
238
420
859
111
670
489
730
718
503
687
484
75
489
176
211
351
803
645
47
18
278
764
617
81
949
891
114
39
235
520
858
969
143
477
55
613
364
137
611
772
574
23
952
373
440
339
185
684
783
426
864
537
306
390
600
546
894
26
922
275
686
988
619
147
299
504
524
479
156
675
645
423
447
49
267
743
900
59
36
767
292
250
316
750
607
144
146
588
343
193
849
942
534
213
640
805
697
90
908
417
879
850
90
336
305
156
320
739
71
684
733
366
622
179
937
120
758
45
254
92
516
859
667
589
78
988
477
845
218
498
56
903
50
421
732
675
917
557
913
150
42
483
918
144
456
255
676
465
87
426
204
249
220
64
58
137
660
588
64
396
762
825
824
901
92
184
548
360
535
200
682
933
624
412
985
177
581
873
360
32
246
310
903
807
132
366
642
256
424
738
278
863
862
838
351
556
854
376
529
925
39
752
695
456
203
346
482
652
89
811
682
599
116
368
50
232
498
946
928
741
848
752
167
408
532
582
284
57
477
417
72
667
756
767
487
854
603
713
39
601
176
569
429
888
763
31
692
741
476
722
408
788
760
296
93
868
741
999
238
307
427
51
867
923
123
536
341
256
23
102
691
648
784
662
931
546
44
781
939
251
454
162
777
179
582
955
712
431
980
285
149
682
182
519
595
469
299
490
32
383
979
606
532
975
288
866
118
126
649
392
350
671
825
738
358
570
785
141
277
538
325
249
896
466
52
415
576
344
858
717
774
568
653
893
464
251
415
262
71
426
348
729
950
999
10
628
803
519
27
855
310
243
939
550
53
186
769
668
857
77
90
819
423
13
767
424
392
74
712
952
241
519
787
766
695
348
357
114
946
73
928
801
898
425
997
558
193
834
644
290
540
942
633
514
619
132
626
830
741
345
327
197
677
14
444
468
20
564
228
194
101
550
629
339
676
616
900
168
528
301
909
834
133
363
49
749
250
812
582
995
571
352
149
827
524
389
672
682
740
939
241
834
541
505
476
957
266
679
525
770
480
425
913
252
811
293
624
184
543
932
501
147
380
348
227
65
939
618
564
622
437
106
247
490
744
967
508
394
989
257
845
945
782
155
911
249
293
29
160
451
202
342
992
299
895
9
570
256
260
316
650
99
876
307
41
477
583
306
624
732
452
530
892
378
193
906
882
790
790
809
52
21
724
680
161
34
892
610
382
31
941
735
713
953
585
599
532
514
928
161
765
256
779
643
761
71
442
468
626
949
840
812
324
79
229
120
754
305
564
396
405
487
996
528
826
16
350
433
191
954
688
995
501
889
765
340
36
756
526
251
365
669
293
414
926
260
921
617
49
523
543
647
287
949
969
302
81
61
719
877
84
951
40
344
286
680
567
57
471
12
300
389
246
466
688
125
296
38
446
30
81
834
38
639
157
374
65
893
578
517
304
309
467
333
843
248
643
301
801
434
417
267
776
899
462
48
997
157
244
518
504
506
176
61
966
133
712
689
574
248
59
395
609
583
191
58
558
44
41
273
251
96
974
437
884
638
374
704
809
254
875
526
372
210
293
439
89
418
25
885
784
574
963
937
98
489
722
765
942
162
370
4
889
966
515
378
776
134
68
656
919
39
222
888
918
945
891
552
554
399
671
95
649
271
398
965
655
817
464
916
906
304
541
907
874
43
331
10
706
230
842
44
538
177
661
98
464
318
575
652
476
220
399
894
108
480
139
18
278
26
743
936
871
292
235
220
905
851
850
997
0
344
833
863
798
612
49
561
848
312
720
744
835
127
565
26
620
678
887
635
160
429
294
279
143
396
322
188
985
468
98
254
419
462
642
966
992
315
131
748
488
257
873
230
648
920
445
633
233
861
788
902
678
477
848
189
552
185
246
81
164
228
747
203
560
420
522
332
308
860
561
535
891
786
359
7
23
280
287
8
211
613
835
369
747
651
230
209
893
577
207
593
433
487
59
272
486
545
749
964
959
212
411
125
424
310
703
242
73
905
779
990
597
646
785
391
103
872
110
174
31
98
572
505
280
239
323
539
668
176
206
867
127
868
302
826
778
796
799
409
243
387
196
188
198
429
499
364
254
678
822
676
477
695
223
36
266
931
902
620
219
62
505
990
693
249
449
310
836
670
206
79
498
678
43
769
931
398
494
135
500
865
293
848
934
183
785
90
964
882
269
125
505
286
277
461
365
4
263
791
219
414
24
458
568
645
444
973
415
683
736
559
284
664
775
108
955
525
595
649
588
578
797
379
99
341
536
167
131
483
381
343
103
843
0
169
259
617
921
922
771
463
383
853
507
14
387
333
275
654
57
670
965
918
516
11
538
388
555
449
429
594
63
26
703
797
276
842
467
832
217
118
628
762
557
609
864
78
815
792
588
162
240
229
35
839
392
374
965
961
375
701
913
838
994
89
702
784
83
517
852
305
682
240
808
566
203
740
307
696
955
61
889
88
87
218
899
965
284
219
90
291
389
833
267
754
816
13
270
789
686
76
331
72
204
255
626
735
432
736
549
577
648
626
903
94
617
579
901
993
388
98
8
586
465
551
833
558
427
890
714
905
2
995
71
255
973
5
391
959
410
985
779
578
302
933
696
258
605
638
930
31
779
596
29
75
183
358
12
276
346
131
412
688
237
647
281
979
304
66
652
971
76
505
440
302
828
279
408
645
978
180
750
651
935
504
760
585
402
468
901
583
171
39
551
107
704
799
584
669
844
192
275
287
163
336
366
204
749
958
970
245
305
286
910
699
757
160
991
280
716
184
785
989
278
64
495
494
691
421
772
511
201
788
451
9
62
220
869
579
171
25
928
744
942
247
941
430
488
423
155
36
811
920
207
575
534
361
807
895
919
472
504
624
883
336
877
912
586
486
587
803
425
356
71
436
670
45
119
938
58
103
388
436
23
624
685
338
903
887
166
693
347
754
760
793
310
957
643
678
906
462
514
698
35
242
408
453
772
714
786
899
733
467
906
747
173
394
680
967
814
773
148
102
630
116
901
201
376
983
602
428
603
986
829
702
748
663
841
323
727
203
461
784
531
440
856
142
12
93
445
112
180
243
427
692
374
290
913
332
465
690
814
359
294
255
827
765
497
914
436
210
435
326
977
551
243
419
449
745
715
210
558
515
409
578
944
217
43
673
824
880
384
120
988
493
424
928
839
762
30
482
323
749
75
518
962
441
423
860
354
249
840
823
297
384
653
887
632
428
859
268
605
838
889
71
903
974
665
155
520
941
664
211
47
679
230
648
155
735
991
788
419
268
746
80
384
387
298
280
394
514
834
738
765
156
818
103
580
467
207
962
217
425
962
673
314
458
92
181
163
275
798
28
682
290
393
598
497
807
521
671
507
40
713
683
126
634
241
216
38
687
586
529
833
431
50
984
375
34
239
412
653
180
185
883
634
96
984
851
64
44
241
105
526
545
41
72
692
503
27
481
983
23
797
728
802
435
132
118
512
170
457
501
986
211
546
269
140
191
435
492
270
540
342
508
595
929
133
891
589
347
704
967
157
343
604
737
571
648
286
876
456
89
266
846
674
398
198
967
225
968
714
763
440
37
749
191
49
608
147
732
598
309
229
119
527
57
885
834
583
578
876
22
310
752
929
494
715
619
810
48
999
971
381
821
745
112
962
284
741
187
363
499
33
476
315
441
368
345
374
508
822
576
826
669
556
951
980
369
691
451
313
827
53
740
536
901
306
713
132
758
929
730
628
951
722
623
879
636
69
645
946
827
387
164
118
598
263
209
720
157
805
800
880
153
690
43
583
234
890
306
764
145
71
712
723
484
842
677
888
654
153
821
588
279
582
15
773
343
397
595
995
149
871
90
45
290
492
194
881
666
46
322
382
698
957
681
95
566
311
181
837
504
941
938
415
456
823
995
572
735
595
880
919
64
733
305
135
158
834
430
155
947
908
40
893
223
376
451
6
330
930
632
834
631
531
443
847
353
80
335
224
957
742
576
455
416
370
872
110
296
409
496
685
520
984
656
159
230
767
532
676
685
610
680
575
738
889
343
837
62
35
234
935
443
197
727
622
816
67
569
573
62
315
677
915
354
196
257
858
781
864
34
926
568
885
380
56
179
353
953
772
962
301
613
271
347
533
488
922
888
247
678
155
30
842
139
804
486
324
280
409
493
930
36
159
688
941
691
565
290
776
792
14
865
378
469
811
719
948
435
951
197
958
824
576
126
836
768
606
581
869
593
982
587
320
73
512
983
852
957
792
438
735
674
924
910
406
823
297
311
243
369
799
688
852
302
955
706
195
41
408
486
231
713
610
12
392
622
316
948
537
628
2
529
665
63
50
829
713
861
595
150
88
766
547
392
609
744
145
851
712
865
312
239
555
286
723
728
981
989
76
792
142
630
907
20
207
926
510
390
446
303
570
227
647
747
298
766
666
73
964
657
258
613
716
866
439
67
881
895
747
154
26
130
152
184
104
978
411
628
12
733
611
642
505
112
105
102
764
422
424
788
929
444
548
683
312
244
388
450
196
578
474
830
397
875
425
352
203
48
924
675
655
508
674
183
615
70
709
518
956
771
38
42
892
659
19
15
70
552
366
619
222
949
15
860
708
253
192
805
277
512
506
131
548
717
89
443
473
506
818
785
821
465
3
11
444
520
51
406
750
916
976
888
658
300
307
192
239
495
643
822
926
793
748
452
301
88
398
194
310
94
295
518
873
847
830
570
882
720
977
588
441
637
705
852
996
769
629
960
521
724
2
424
857
332
543
202
647
696
549
834
884
641
911
356
129
939
804
705
293
993
888
267
632
474
514
10
57
324
810
763
709
539
584
736
71
969
158
50
409
506
723
613
603
12
122
712
357
200
771
562
563
238
667
609
433
155
494
8
126
525
856
700
348
763
122
212
92
275
387
937
203
276
201
336
83
906
488
539
489
504
108
104
607
27
794
123
788
31
765
58
50
814
238
15
683
107
797
797
440
974
693
471
619
159
807
492
155
207
159
979
388
550
783
460
362
589
383
60
408
71
457
110
86
141
644
212
615
244
216
507
204
118
18
715
499
755
78
266
245
935
268
539
767
158
126
490
307
886
280
247
659
512
923
360
881
738
673
114
638
788
137
857
236
324
777
188
627
846
914
438
152
844
302
586
37
607
171
538
41
891
394
820
677
475
46
590
345
323
543
479
389
557
406
834
420
203
431
137
503
288
731
264
528
74
441
998
666
361
235
483
431
302
667
25
82
48
222
314
966
298
713
305
380
703
772
557
460
985
134
338
929
936
518
792
384
340
985
741
65
560
715
229
559
78
387
950
157
284
22
310
819
462
814
499
179
656
333
739
710
557
699
790
969
731
11
207
464
824
385
155
846
998
327
779
367
640
411
335
845
772
562
281
722
551
190
282
725
634
816
525
716
224
893
170
369
269
387
852
565
27
970
214
688
364
896
568
171
407
248
670
869
323
821
486
725
689
969
28
494
261
397
779
238
729
398
104
700
946
978
122
492
383
744
224
474
241
299
532
757
659
463
91
468
529
973
925
760
614
704
492
742
20
347
899
519
204
847
329
921
62
968
255
527
331
397
119
581
375
64
973
497
49
10
429
823
544
468
414
294
954
828
924
141
434
272
46
896
413
280
31
275
151
312
125
884
867
705
993
928
224
988
292
513
371
71
353
111
627
670
178
512
395
749
41
920
207
210
636
796
627
470
612
729
976
621
856
320
787
209
246
19
227
500
912
705
723
62
578
914
463
483
915
499
696
542
583
273
452
111
608
741
10
284
190
112
3
750
158
564
95
300
762
219
661
991
860
673
858
31
66
506
799
194
552
129
968
244
864
382
503
284
156
531
299
573
46
919
677
580
933
257
486
45
35
761
911
237
733
194
792
581
474
631
421
904
151
473
90
398
832
142
942
421
597
216
887
645
413
897
710
325
514
335
222
106
408
171
78
501
76
972
499
92
445
546
478
264
76
893
889
438
429
227
353
452
413
62
5
361
64
982
91
824
680
304
969
551
674
450
667
449
76
341
785
467
458
524
827
758
598
9
597
46
973
603
990
658
245
275
697
59
633
763
418
96
827
795
43
631
82
10
54
208
352
227
6
763
804
939
994
721
815
122
873
861
643
133
711
471
854
463
394
225
606
756
911
563
925
590
945
451
113
372
984
862
795
711
168
762
851
928
800
204
661
702
28
433
627
674
918
195
627
469
760
28
910
198
4
724
167
147
935
578
276
756
495
135
574
689
197
616
20
241
690
288
319
500
112
842
601
52
525
422
563
507
832
864
621
394
259
555
994
763
257
509
417
575
309
349
430
659
653
112
320
415
585
934
82
807
93
202
689
858
436
211
19
976
307
855
182
736
304
206
398
912
791
801
432
739
583
231
853
960
78
383
194
751
8
386
531
970
389
75
287
331
32
697
1
224
616
356
601
830
211
85
269
665
502
320
745
549
440
102
803
944
850
703
54
36
890
696
185
979
482
254
570
203
717
576
970
766
624
827
230
66
296
408
620
545
634
508
400
323
887
59
75
809
68
392
135
443
13
204
23
197
558
928
376
500
658
178
316
682
53
586
180
823
415
424
707
981
998
334
335
440
690
625
541
683
68
91
69
9
58
513
67
9
301
181
49
694
978
743
786
756
942
455
538
409
328
910
23
802
202
661
519
561
550
666
910
398
813
219
74
280
100
322
582
87
53
862
293
365
156
635
104
245
11
87
917
2
585
386
369
200
78
632
60
556
184
279
506
13
886
378
130
569
889
34
612
31
824
543
409
614
176
595
880
987
385
204
200
110
716
681
208
660
655
981
888
175
432
284
137
658
262
891
471
103
479
676
628
40
293
165
466
758
296
936
526
489
74
477
624
818
653
542
978
213
914
22
585
502
542
72
686
68
27
39
537
501
398
266
8
364
561
583
356
384
0
998
64
971
272
547
205
888
371
868
243
724
911
460
249
655
837
681
187
438
832
417
808
595
598
919
957
645
993
345
30
495
66
10
55
637
692
412
112
106
138
162
576
648
83
132
471
884
972
98
201
830
392
347
969
622
448
755
309
712
644
474
99
738
292
508
269
661
888
537
371
26
594
524
97
593
488
938
273
135
997
933
550
917
942
62
140
518
797
99
793
362
400
313
200
994
770
134
235
576
508
343
444
234
890
51
244
229
848
225
837
971
571
840
74
851
531
82
531
8
872
472
151
141
416
813
37
986
591
630
584
946
853
848
531
223
66
568
990
172
814
666
507
114
453
184
841
931
955
924
701
408
421
354
165
718
161
228
879
558
371
2
948
934
851
576
296
458
698
840
928
601
768
898
236
755
651
921
808
386
560
776
17
225
529
798
521
268
99
942
400
211
653
108
458
597
16
318
938
610
229
426
12
850
7
736
350
332
233
670
416
31
879
601
8
955
217
427
857
281
982
23
182
733
489
669
329
222
517
818
361
380
228
890
763
175
678
950
904
702
969
721
44
938
617
230
234
136
552
829
844
946
402
512
582
262
257
208
857
908
869
904
610
148
269
897
298
243
325
866
177
30
637
429
684
919
634
397
976
659
940
882
181
566
315
974
737
345
455
145
572
316
942
819
315
725
953
732
252
808
389
926
583
128
80
997
994
276
238
819
627
29
86
322
33
275
907
926
406
761
169
135
57
27
510
681
137
320
178
466
720
612
584
579
336
806
137
566
250
970
722
969
876
119
918
640
26
286
555
347
689
298
568
216
197
253
386
294
227
986
599
338
803
483
826
120
859
898
214
296
588
983
219
575
397
717
466
46
295
351
280
919
553
208
252
49
92
558
281
12
295
126
21
287
9
321
352
567
862
64
495
112
640
794
921
262
386
234
598
945
414
252
89
9
415
832
0
935
220
114
284
43
152
925
403
828
34
796
30
4
881
45
151
905
775
566
349
727
100
691
989
863
893
309
585
896
367
163
998
954
154
721
950
996
838
257
590
362
279
466
339
480
37
862
600
947
582
990
802
373
200
184
482
813
775
8
634
615
541
145
200
383
431
369
976
637
491
384
121
809
386
991
29
367
773
815
149
972
248
642
773
310
715
219
451
958
496
403
867
834
12
98
742
515
288
486
505
730
603
717
378
616
99
844
924
877
161
953
206
636
943
656
244
236
721
881
561
420
510
539
173
234
652
658
106
258
788
757
747
843
398
525
620
789
481
463
694
887
540
371
472
181
485
443
703
468
396
428
955
97
933
677
840
889
356
394
231
26
127
561
596
878
418
41
551
390
542
855
108
951
403
381
612
831
769
482
895
46
124
480
728
137
370
309
555
574
199
925
709
15
407
991
659
597
330
179
474
493
553
76
833
189
195
342
133
243
977
582
831
655
665
71
93
360
238
703
407
358
488
849
322
361
799
963
818
78
7
771
854
836
112
423
773
311
713
67
900
570
662
635
124
24
142
895
586
691
992
446
429
531
230
779
517
614
290
268
643
616
50
94
601
174
406
614
759
876
626
19
917
928
66
417
230
915
531
172
878
988
147
80
343
383
962
807
432
175
2
149
688
481
778
556
399
202
475
293
912
77
457
395
357
145
787
395
646
191
877
705
771
465
239
369
33
168
1
704
619
509
964
17
102
414
823
733
210
662
119
827
971
327
5
242
827
551
779
629
609
950
46
38
445
122
941
216
36
406
680
783
159
917
197
386
103
839
350
158
558
432
325
199
367
765
313
338
816
433
4
860
930
998
163
636
105
611
223
449
570
719
752
666
457
599
875
157
858
552
894
12
454
768
407
668
51
625
799
144
23
862
798
844
430
217
597
554
887
124
788
58
159
215
642
613
13
710
584
827
886
870
102
85
508
75
981
41
359
959
264
387
614
90
214
878
515
203
502
156
869
579
946
399
488
152
19
515
908
843
440
948
92
73
804
816
753
223
266
899
180
161
969
572
850
582
460
611
188
47
244
460
734
75
317
967
226
670
705
570
768
980
500
591
955
201
396
198
228
80
192
561
973
149
137
931
430
80
909
398
561
461
232
389
85
783
665
649
137
299
722
838
696
110
575
764
164
173
765
302
377
199
707
54
764
671
885
629
540
485
556
321
467
279
758
710
539
756
685
256
955
416
648
451
543
109
182
463
789
362
456
87
198
663
646
208
216
641
338
450
87
777
555
43
512
317
884
666
713
858
411
157
115
214
460
777
97
531
789
552
543
885
406
805
981
351
794
750
435
451
597
950
98
996
572
56
988
817
344
753
682
432
671
203
123
55
731
669
800
976
602
126
99
767
2
750
213
181
527
48
610
412
550
367
532
864
971
10
193
511
553
387
552
933
523
44
610
281
819
696
310
711
848
435
885
566
347
630
661
475
625
500
674
349
388
672
631
805
887
230
373
497
416
105
843
554
466
609
234
600
736
215
22
632
338
204
514
876
823
363
478
999
406
495
273
806
759
391
469
95
222
862
540
791
768
382
29
934
956
426
150
510
707
117
755
275
39
674
765
985
768
342
796
144
629
87
156
684
39
256
394
951
91
260
874
675
386
987
512
245
137
166
300
186
983
548
535
952
718
529
567
541
134
791
642
373
759
329
180
793
640
250
59
569
932
165
64
419
966
63
291
660
952
550
719
423
814
450
637
470
438
843
518
461
273
503
64
97
939
354
563
664
182
846
362
320
623
288
7
123
510
487
118
967
628
292
686
733
12
41
903
354
255
599
339
946
233
915
54
360
100
609
803
36
103
484
439
499
545
435
213
345
980
320
252
700
87
488
921
348
105
500
453
808
222
365
921
260
721
635
170
562
728
246
756
297
238
570
226
473
523
11
992
985
198
129
388
828
112
92
298
971
474
414
739
676
303
948
749
628
87
151
541
896
217
428
795
251
883
922
479
785
584
692
676
138
496
755
821
603
221
426
525
298
603
276
4
854
347
695
374
412
63
928
832
567
255
867
580
684
710
241
98
915
585
100
40
318
459
908
69
100
99
72
45
665
333
54
908
390
712
250
919
542
145
916
271
401
583
160
140
987
743
209
180
212
454
688
657
813
256
971
762
809
499
82
356
808
683
248
84
340
902
226
310
277
165
119
124
617
997
250
683
683
489
532
877
613
985
39
980
2
327
316
471
358
594
690
707
109
293
611
988
397
882
595
422
119
121
205
823
425
46
994
119
879
971
504
572
14
15
130
34
878
803
867
158
455
937
255
951
427
975
168
216
371
469
238
338
211
366
430
48
414
664
181
834
991
613
368
287
400
994
163
380
718
885
558
138
743
795
76
595
432
950
813
469
469
91
309
903
787
17
28
43
160
18
604
383
978
843
819
270
814
434
374
981
418
285
917
714
56
814
947
761
26
440
37
461
72
490
951
20
617
717
21
863
133
370
260
522
433
12
394
542
621
181
498
451
732
945
538
761
529
633
109
983
619
583
267
255
158
235
580
765
223
280
82
853
221
405
840
947
790
423
955
63
841
751
297
733
360
353
722
642
169
663
992
913
981
219
857
510
140
66
985
138
145
608
534
639
360
616
83
836
928
960
133
639
462
2
274
626
566
455
766
464
477
399
613
509
48
541
366
779
595
849
744
795
472
883
797
91
858
225
258
152
11
811
117
690
544
134
534
602
362
111
899
736
827
751
538
164
12
748
868
407
86
799
501
971
627
62
433
157
221
607
802
605
701
280
973
681
740
100
685
274
882
649
505
689
132
534
567
685
531
420
869
550
169
154
557
649
766
934
604
100
796
287
422
751
200
526
616
31
39
497
13
248
263
25
339
205
755
863
652
969
740
774
792
837
759
78
822
195
243
620
188
221
476
434
682
579
426
579
584
475
557
440
529
616
869
768
594
810
510
995
677
148
422
772
999
284
282
123
645
580
326
343
489
422
297
739
281
86
605
134
143
664
530
320
674
693
820
437
508
912
827
776
420
958
695
100
685
806
753
909
203
326
449
45
708
356
78
972
632
225
666
879
547
597
154
984
71
3
842
976
214
575
947
248
935
954
531
781
737
66
430
671
656
771
431
239
310
792
94
519
35
351
568
589
923
843
734
912
506
487
96
344
52
473
827
279
486
825
943
75
278
728
229
352
673
811
188
798
522
783
748
255
417
354
865
15
151
186
272
184
60
468
842
54
143
504
677
525
19
140
924
23
340
874
225
132
789
584
253
339
635
672
573
269
810
444
992
685
480
391
744
562
661
116
992
651
243
353
648
113
52
439
897
425
954
186
848
747
330
163
907
312
609
471
675
814
554
396
471
123
458
135
732
475
385
174
854
616
109
479
435
320
884
860
773
594
580
552
774
61
614
645
678
572
251
95
288
804
398
744
238
77
760
910
891
432
372
958
166
193
223
946
882
950
695
558
238
891
250
988
362
53
21
427
519
885
119
689
175
189
810
427
325
213
90
434
299
71
867
273
650
329
4
370
100
217
807
801
184
319
62
872
587
931
427
429
904
208
572
131
863
874
473
721
577
275
88
175
603
347
980
696
907
384
829
108
7
370
580
183
768
86
41
452
108
272
125
804
355
602
684
520
669
372
831
553
949
404
358
758
260
94
472
586
554
24
309
612
591
853
497
823
467
33
828
507
572
708
904
902
86
989
987
62
168
69
263
338
938
963
750
658
485
987
504
390
764
833
889
197
83
830
218
200
590
94
206
136
828
837
795
227
506
379
887
442
475
263
387
427
229
883
131
77
806
461
852
802
461
214
123
115
436
858
432
392
119
702
422
71
797
513
776
997
680
108
477
469
314
884
734
906
810
479
170
809
607
798
769
957
461
49
190
592
738
796
483
791
981
421
343
201
1
841
56
662
13
393
553
598
109
874
889
178
889
961
95
515
355
131
65
687
740
177
134
861
198
810
975
973
670
150
793
926
592
378
476
320
307
647
501
722
0
386
121
474
357
923
538
242
440
831
401
261
61
970
562
135
821
585
585
927
397
742
803
758
957
718
581
715
445
997
329
139
512
302
755
425
747
662
965
356
100
822
774
521
532
358
325
642
246
356
567
630
499
303
835
552
942
532
322
165
615
87
109
392
380
323
784
121
661
892
490
307
959
148
978
104
275
186
50
45
151
81
946
351
120
634
8
161
208
592
239
905
257
699
981
312
532
887
916
539
100
567
217
476
317
650
640
817
650
291
79
810
14
929
116
134
622
982
652
911
270
426
283
199
264
806
429
223
266
143
572
780
377
320
738
159
42
712
235
790
963
63
816
478
756
669
881
674
206
288
152
224
301
727
761
869
729
561
595
904
781
949
191
116
565
441
939
698
644
776
273
846
462
486
451
639
160
254
781
934
136
725
699
200
393
620
745
525
876
413
169
913
201
172
724
202
395
162
117
273
105
32
148
905
630
547
146
861
996
73
812
308
208
868
665
602
986
530
156
348
60
721
382
958
734
381
998
117
822
134
308
801
654
244
778
803
855
710
382
304
907
64
14
652
205
968
523
837
983
241
382
217
773
822
732
104
268
581
999
136
456
738
675
528
300
619
991
8
386
866
927
24
900
820
692
618
268
162
679
402
831
726
826
526
937
283
889
755
385
690
278
251
485
44
971
905
651
331
176
240
785
826
420
414
740
942
953
615
908
205
936
804
402
179
758
906
40
101
947
336
125
656
471
815
870
918
745
136
548
971
999
552
722
963
213
534
397
917
11
307
622
3
196
558
187
113
565
754
823
282
101
224
803
126
734
739
236
103
50
462
332
817
219
983
742
669
479
490
532
598
57
529
54
43
381
724
122
322
741
609
757
918
266
325
739
866
26
898
331
845
474
41
786
693
197
253
516
829
597
687
814
969
994
785
859
528
786
895
410
725
83
694
288
911
38
138
920
514
191
581
596
224
90
119
280
500
30
489
253
311
25
529
237
902
900
924
885
465
210
186
705
517
58
377
543
195
312
739
627
980
892
310
629
784
345
265
364
722
534
18
724
458
132
745
568
923
892
957
182
34
905
16
666
568
886
421
430
895
588
272
460
22
539
588
992
696
96
516
1
289
117
42
2
990
457
38
207
950
170
635
247
852
846
857
834
340
838
771
160
861
730
988
879
597
889
525
69
499
979
35
657
167
334
489
769
562
587
364
423
20
106
298
668
647
968
676
533
879
628
743
661
522
109
30
576
535
508
531
359
64
931
119
443
411
315
823
761
761
537
600
430
552
418
699
743
449
294
810
292
964
930
143
349
695
85
923
919
549
799
328
157
157
189
865
294
645
157
347
441
644
91
156
825
640
997
677
612
693
52
435
58
195
673
556
427
908
900
768
821
268
634
487
732
883
117
186
770
259
603
668
839
353
916
566
297
845
576
78
315
988
919
556
623
654
354
113
904
549
839
853
502
219
838
152
393
425
201
561
460
680
808
844
422
784
804
321
676
974
369
478
540
902
971
603
665
536
608
199
778
607
22
683
612
899
411
160
302
874
34
740
589
38
661
387
234
216
613
572
314
585
239
346
726
400
775
183
620
925
674
749
448
955
104
790
835
333
363
520
914
933
947
251
258
42
964
486
866
579
127
439
639
549
872
592
572
165
5
346
755
965
814
418
831
105
647
629
638
408
859
457
471
239
719
905
292
988
580
890
998
256
45
775
70
197
761
246
831
45
537
652
38
9
354
447
890
132
66
171
894
871
721
48
367
570
731
511
695
619
87
558
886
569
194
762
442
466
894
998
224
641
535
776
826
609
609
862
732
851
665
645
489
214
382
649
437
894
500
504
847
125
433
935
529
928
981
475
772
521
162
433
856
722
55
72
47
992
570
558
385
291
158
290
634
376
534
763
644
352
579
299
694
185
139
691
247
555
328
908
882
869
720
606
334
219
453
825
748
821
362
4
30
397
893
419
537
68
172
691
511
908
543
718
279
789
493
104
929
428
743
501
993
125
662
535
652
55
380
274
609
987
125
555
856
176
452
489
746
462
436
737
827
150
439
808
466
637
311
533
648
319
846
373
207
281
222
723
28
364
184
858
597
255
394
491
589
691
723
968
309
809
139
885
869
391
947
316
512
532
386
471
844
638
411
774
435
422
798
101
279
260
22
279
329
641
302
354
661
708
16
451
110
44
177
98
391
122
661
316
412
48
707
29
793
392
543
759
972
91
935
160
134
391
131
11
710
277
619
92
204
594
782
903
887
652
714
511
306
694
684
554
394
265
381
365
654
115
230
426
489
936
566
932
830
513
327
11
413
521
17
778
865
211
515
89
763
719
367
372
760
934
842
310
795
192
724
39
14
552
896
324
203
932
698
823
623
241
148
799
709
836
463
999
608
704
552
558
738
190
855
420
928
23
46
106
52
267
52
485
113
883
214
695
100
583
239
224
786
379
952
478
371
413
730
537
693
584
343
954
907
714
214
799
782
90
408
101
590
34
144
840
334
279
112
380
889
588
391
142
380
959
656
25
7
712
589
982
300
187
651
951
698
842
59
861
803
262
40
420
582
826
7
255
837
891
994
390
571
636
464
731
791
181
18
111
909
140
749
748
140
161
990
656
434
71
948
317
314
343
9
293
993
890
860
514
936
750
99
615
152
587
811
299
913
203
838
37
364
820
875
560
619
284
382
682
201
242
754
508
140
357
217
281
527
64
227
394
793
558
565
84
131
19
843
645
993
17
43
185
134
9
391
107
1
90
838
724
706
585
282
877
943
787
501
671
7
359
609
36
755
31
85
98
74
49
909
586
892
393
511
832
65
807
100
503
723
137
630
142
911
96
374
839
804
849
593
956
839
474
156
867
950
598
84
678
164
381
685
213
776
406
532
869
981
636
954
990
777
421
415
743
226
121
829
723
860
938
403
323
54
802
609
466
109
546
401
975
962
947
314
656
115
101
556
972
861
287
673
293
512
715
944
32
715
671
435
585
81
551
193
748
332
259
644
333
836
666
131
370
39
429
470
28
296
293
946
392
600
961
197
768
554
393
785
945
176
791
42
267
144
936
80
600
474
28
699
994
569
428
869
628
685
961
921
91
393
516
7
466
448
164
813
429
787
781
549
885
27
327
533
505
193
468
444
247
14
342
971
748
891
530
262
964
81
442
59
910
218
786
506
902
597
33
336
696
671
385
624
896
372
280
79
990
60
77
262
423
365
683
882
975
449
168
921
118
690
435
858
400
753
428
744
470
837
659
142
50
76
274
90
876
133
717
727
121
397
521
831
239
74
149
475
749
938
740
129
580
284
563
209
404
84
562
862
934
674
391
196
171
319
778
604
848
564
954
741
639
306
583
219
893
901
684
112
771
206
921
449
792
971
768
154
484
355
965
724
164
441
34
224
40
479
837
671
777
638
803
664
962
5
176
289
770
52
106
779
135
782
570
408
203
371
637
810
827
549
160
852
131
49
167
988
328
103
276
51
568
659
433
972
301
616
663
348
993
425
139
139
407
716
974
68
467
720
887
29
504
689
882
348
516
493
868
207
246
236
127
859
434
511
176
676
580
276
214
868
332
41
571
348
502
668
128
119
704
612
774
303
466
365
121
983
651
78
58
267
943
877
885
982
485
321
867
125
267
979
918
540
149
660
643
405
20
167
454
2
39
898
888
95
273
20
196
159
413
663
142
2
207
403
824
432
63
464
277
192
273
19
521
459
294
462
59
689
680
340
198
344
705
380
899
283
152
938
560
662
317
977
989
389
990
469
994
884
142
670
607
579
509
361
156
314
735
925
547
508
91
265
600
89
216
627
212
948
34
165
641
727
125
664
774
660
911
12
708
70
901
505
709
930
815
112
347
160
830
373
212
760
686
990
555
60
759
0
207
243
957
457
621
944
72
440
925
146
411
963
832
321
488
862
70
491
959
277
359
467
542
295
683
18
659
830
180
999
12
16
575
332
789
292
439
773
191
724
897
521
236
322
389
416
947
618
267
961
366
377
361
69
27
325
977
569
238
796
587
210
855
661
308
919
54
133
782
909
844
732
340
40
946
109
336
631
598
70
694
723
600
894
832
283
20
842
196
280
853
540
385
907
439
797
698
932
845
927
723
87
28
240
983
907
72
368
861
218
937
970
602
376
848
788
233
497
913
370
273
71
676
610
562
831
418
631
835
737
277
93
927
183
690
75
411
228
365
403
940
199
618
700
622
920
324
770
268
596
393
713
808
744
26
445
167
109
400
114
937
300
816
45
731
293
972
410
484
463
721
965
516
376
2
208
65
86
6
656
152
116
802
817
469
986
631
790
659
206
416
740
534
293
164
313
205
820
967
771
406
40
530
984
856
924
866
901
533
955
251
517
890
121
748
252
640
515
110
291
295
442
4
494
857
548
482
302
915
435
212
798
330
805
178
241
76
28
946
44
109
837
990
401
644
766
209
137
379
540
926
813
648
591
783
272
277
308
44
215
634
825
995
704
889
558
859
658
258
153
27
718
453
946
606
868
469
747
213
753
964
385
801
299
37
782
727
487
418
363
609
868
396
99
300
638
484
818
11
752
390
969
375
246
879
708
513
903
623
500
425
17
65
148
104
417
103
578
821
833
302
454
862
785
856
94
161
537
577
226
847
867
973
332
550
577
803
895
971
667
195
981
661
281
566
326
117
468
774
938
945
10
462
37
323
583
845
730
530
481
729
317
105
643
699
416
170
381
787
257
177
654
345
121
587
261
461
339
165
568
777
792
909
746
258
39
371
541
9
448
75
805
407
662
955
288
645
275
349