978
666
773
555
862
883
194
252
62
123
934
228
366
702
419
903
31
912
405
257
581
962
390
343
113
672
981
90
883
440
562
967
472
135
884
619
685
150
699
878
204
784
717
300
627
582
8
864
471
424
629
349
25
309
766
693
414
671
767
70
723
844
496
722
446
698
247
604
823
98
272
22
631
260
620
990
559
619
897
437
235
12
628
849
627
24
761
463
472
940
707
255
985
462
66
968
485
407
969
500
993
182
813
526
427
764
122
288
27
62
591
368
506
819
663
125
588
64
841
815
339
150
425
895
434
639
497
135
512
339
240
235
128
812
62
820
578
842
292
186
725
352
447
116
634
119
368
408
895
737
357
628
472
671
770
390
775
338
411
375
148
629
240
729
595
39
312
410
705
25
616
831
496
291
553
51
249
200
169
346
191
184
537
155
631
882
343
640
992
691
459
799
216
586
449
110
349
32
893
759
938
138
492
792
121
701
729
593
145
118
292
316
573
534
658
419
549
938
928
882
222
388
527
460
159
535
443
466
139
319
371
669
368
534
416
570
804
25
807
929
224
321
117
350
437
604
207
523
203
142
685
369
476
636
665
906
351
454
268
485
195
839
118
202
76
500
949
817
14
612
520
51
809
746
657
919
475
956
528
248
684
329
45
981
525
243
407
943
806
236
789
618
336
28
12
172
665
798
910
537
498
563
445
242
819
425
386
526
393
999
764
310
397
223
821
381
450
324
440
395
504
552
737
120
81
494
614
435
516
984
975
889
310
615
593
161
323
798
610
971
484
701
145
550
123
920
154
137
422
13
480
552
375
910
932
761
301
115
594
471
320
466
449
370
816
123
843
49
465
729
800
991
197
878
670
246
745
461
233
42
454
94
287
418
319
450
809
82
862
219
623
573
641
170
374
553
852
234
565
110
699
323
393
842
659
737
948
216
78
445
983
95
123
335
989
655
557
264
624
634
501
357
233
621
64
392
48
123
854
846
853
223
340
600
815
930
289
17
935
734
937
567
531
868
534
86
818
778
903
183
771
496
3
675
516
917
882
35
182
216
864
510
986
415
872
480
302
74
207
817
599
528
268
600
227
363
790
458
213
734
333
203
200
82
449
966
463
150
463
809
828
953
449
303
150
358
461
260
452
212
266
829
357
219
68
561
461
588
283
623
826
336
585
373
991
104
76
716
12
683
112
706
969
970
970
797
527
320
506
619
691
709
749
799
819
941
853
626
443
464
724
113
976
894
496
532
785
87
437
514
481
885
852
474
839
444
750
899
263
846
605
832
59
390
629
49
712
682
599
776
635
930
461
471
790
409
314
774
374
185
8
484
592
293
862
395
979
686
483
301
738
67
296
668
887
254
805
393
636
550
74
701
373
983
179
681
380
42
726
159
684
479
642
192
863
953
420
897
260
412
285
649
850
652
573
480
458
739
276
491
545
232
446
191
931
50
753
159
913
821
633
94
772
496
11
617
94
633
283
530
209
409
434
143
501
51
393
907
674
298
707
458
994
750
856
955
81
686
953
691
572
548
62
461
972
244
946
587
23
909
762
220
356
521
305
777
942
201
522
563
471
238
284
190
780
209
604
729
587
189
839
148
832
978
724
643
158
304
753
428
133
340
913
702
698
461
224
933
257
894
677
963
822
209
576
145
13
714
416
137
955
775
679
575
935
140
1
758
210
674
431
669
226
804
530
271
246
602
657
672
402
344
649
90
781
889
125
65
421
661
947
467
315
844
769
940
7
745
88
203
600
500
854
368
409
959
872
167
771
534
223
666
561
718
257
956
859
651
400
561
192
674
58
115
286
903
594
225
989
717
652
16
68
851
98
956
675
231
761
481
632
70
879
496
873
768
104
856
660
262
678
87
254
186
824
382
409
872
228
482
778
230
880
934
678
302
380
346
880
694
581
51
783
134
3
321
489
506
609
499
304
40
256
365
432
834
482
339
385
24
390
605
542
451
123
236
409
687
520
929
449
156
218
747
61
123
908
672
753
394
126
644
673
620
394
150
957
973
559
514
707
1
789
534
658
683
174
503
790
257
393
368
241
43
368
791
392
511
326
657
827
449
964
432
610
584
917
478
540
22
362
512
472
757
954
210
552
687
945
423
181
37
808
193
720
74
10
582
721
132
780
201
712
906
830
248
547
699
572
594
57
427
707
468
898
292
272
395
421
511
729
557
515
395
496
298
249
34
4
972
907
249
593
516
30
150
721
330
636
948
404
527
25
926
309
318
992
233
663
322
500
279
873
2
865
378
669
593
255
481