787
824
955
571
864
866
956
333
662
130
794
13
511
435
337
460
959
695
83
221
453
169
104
50
170
11
292
491
963
677
175
633
809
682
98
993
983
70
406
496
390
741
701
991
947
951
642
276
345
212
460
405
646
344
215
948
389
365
957
521
518
2
397
144
353
426
171
656
840
817
542
992
744
130
349
294
206
210
237
988
138
54
929
849
732
852
465
556
407
122
973
799
591
173
364
513
137
915
640
915
346
155
110
653
42
503
754
86
764
512
862
998
466
25
306
962
403
114
591
237
405
52
359
168
519
764
951
41
456
108
176
876
191
322
930
550
464
33
522
476
312
552
66
476
40
381
169
395
30
65
760
540
282
90
356
829
743
344
929
16
11
737
241
533
571
381
26
931
681
975
435
139
693
526
97
894
366
332
454
673
173
91
265
807
793
52
864
687
725
78
594
389
931
387
487
797
428
975
638
80
839
215
722
856
100
291
998
898
698
326
542
363
918
552
807
315
52
425
521
389
46
67
82
861
62
517
269
938
126
687
560
888
979
513
280
178
973
41
658
659
500
157
294
55
2
446
820
124
196
103
20
380
312
551
808
327
358
702
900
315
345
867
561
175
608
670
524
790
943
168
752
793
85
301
25
18
522
307
616
748
623
872
519
912
39
236
686
637
305
555
54
800
641
372
63
71
705
330
23
454
713
433
861
90
411
432
226
61
669
460
426
980
575
896
919
306
260
476
983
151
746
627
687
489
222
352
756
359
505
205
266
825
959
861
409
658
61
116
713
297
657
752
936
530
58
889
877
385
600
763
785
25
565
864
116
144
110
566
487
742
618
774
67
1
486
132
352
727
59
167
35
441
113
310
863
128
476
905
581
532
710
358
74
155
570
395
226
291
706
857
889
460
193
903
511
672
893
216
141
669
799
447
317
713
390
264
870
906
80
572
33
773
758
553
261
785
44
72
365
16
35
807
912
325
172
141
183
953
228
373
936
419
556
960
148
622
880
217
232
449
52
267
281
457
874
37
118
395
660
650
874
65
29
586
705
594
334
188
35
988
895
407
218
425
313
609
248
889
51
334
423
204
165
477
28
97
310
325
619
536
666
172
138
375
194
470
141
338
674
858
601
700
768
574
148
571
781
380
902
317
109
176
438
914
254
38
649
744
340
706
248
924
984
429
396
204
522
751
56
24
71
289
442
301
92
548
537
529
915
562
205
412
113
270
342
709
188
462
412
331
3
191
71
890
99
444
140
488
171
33
789
962
43
232
133
916
139
70
645
689
513
528
195
425
755
548
574
499
722
513
309
436
726
495
147
143
528
575
962
635
745
785
408
428
233
709
513
637
624
364
788
824
353
818
380
940
816
122
855
805
488
158
486
522
556
140
425
693
234
458
391
94
475
491
378
686
66
748
416
132
614
73
671
456
216
939
653
801
696
928
354
279
710
547
697
234
76
645
185
402
854
391
258
329
272
855
304
556
759
421
490
564
571
31
869
973
179
612
192
315
515
537
458
443
12
380
402
324
999
641
951
201
750
356
261
747
226
136
967
504
867
205
529
68
155
7
349
243
527
799
642
127
210
414
430
447
820
488
124
158
918
465
79
272
151
301
751
357
836
436
41
647
543
136
99
820
581
911
229
280
441
567
616
45
883
27
358
675
347
896
245
781
420
749
362
998
710
647
554
202
137
828
466
870
668
545
336
801
505
488
684
76
495
123
768
262
983
907
453
71
470
804
93
720
490
135
833
110
454
987
694
26
545
809
300
716
688
82
677
670
505
601
238
762
329
139
473
379
508
743
639
199
426
783
113
790
582
492
687
330
537
926
30
772
66
114
216
931
486
432
632
536
73
444
429
478
414
717
64
892
937
867
284
542
771
924
830
163
380
278
875
162
542
313
891
804
684
833
645
520
41
997
877
887
198
505
538
117
836
763
545
567
939
215
76
225
654
25
430
957
520
672
168
238
672
456
449
980
181
185
580
122
656
395
330
418
610
44
813
814
594
156
1
791
983
915
215
242
141
550
533
511
149
662
337
703
408
817
779
479
850
543
578
846
953
601
362
231
772
462
184
165
17
161
841
418
409
510
131
232
671
772
429
920
369
729
506
337
525
80
193
183
103
734
560
158
614
656
887
196
866
969
81
805
697
354
51
143
570
394
313
334
737
560
822
71
686
753
740
130
105
738
615
761
352
502
181
3
838
767
709
425
782
54
981
75
152
810
980
609
977
281
959
577
846
380
520
819
969
404
958
721
631
243
763
488
245
966
28
734
155
345
381
392
307
266
496
721
864
275
270
573
729
810
766
65
774
137
487
351
115
838
82
249
684
709
324
12
152
219
656
759
786
810
805
178
334
42
988
308
379
765
163
17
522
74
44
443
989
624
475
592
923
233
190
418
867
427
415
34
907
747
989
583
783
838
26
927
820
184
643
550
395
750
995
892
879
41
456
569
834
120
61
608
651
38
565
127
202
701
107
882
140
699
942
835
397
761
935
931
328
273
591
570
854
922
727
100
710
166
386
703
706
470
69
24
731
837
387
634
828
457
397
366
804
803
383
729
246
752
431
964
188
549
721
248
677
438
863
32
303
265
873
998
131
34
252
820
100
751
829
368
524
542
88
164
445
606
842
741
788
953
585
928
475
291
911
607
615
147
807
697
365
38
625
604
14
741
467
782
299
933
376
596
170
259
963
998
487
684
326
797
583
247
541
676
229
254
671
330
658
922
608
729
859
251
630
942
40
277
394
285
456
786
357
809
91
655
994
306
357
438
876
330
96
75
914
998
681
513
246
888
510
828
364
674
569
744
681
282
953
58
561
874
309
685
750
768
355
637
791
847
572
235
23
448
921
652
280
125
981
627
633
546
999
1
584
666
725
140
314
264
553
676
253
332
521
545
243
680
644
166
371
56
436
801
683
673
790
635
34
187
331
811
379
172
297
40
300
973
866
740
117
284
561
414
656
957
879
354
343
334
560
746
845
87
516
662
48
775
449
892
103
994
11
906
802
721
92
999
68
714
845
246
619
199
206
297
789
7
570
924
59
733
947
263
179
295
595
213
311
494
226
580
368
38
544
329
410
189
783
957
346
927
504
12
381
63
182
487
613
258
979
247
359
210
327
517
494
450
433
183
410
660
676
559
868
543
653
739
996
465
416
438
101
337
206
529
206
284
31
231
596
345
600
344
763
227
486
230
48
46
7
894
177
896
565
589
808
959
163
50
130
448
298
393
602
11
583
484
64
362
681
895
303
264
262
373
165
593
154
297
737
611
855
950
381
556
451
447
189
841
369
222
330
279
870
161
72
53
784
902
963
959
545
529
954
456
658
680
953
890
238
807
690
208
388
378
935
173
35
8
395
553
343
36
348
559
996
68
291
955
784
356
120
150
655
271
138
847
33
757
210
111
911
378
330
223
646
683
128
967
856
845
841
190
492
399
910
683
217
143
906
712
363
68
742
550
593
355
523
760
632
967
790
656
203
302
766
484
17
887
134
571
431
365
698
619
689
948
615
522
347
244
837
57
480
870
237
24
264
744
886
432
195
72
207
862
561
607
495
476
309
215
964
820
139
267
149
885
82
145
38
563
46
971
281
107
260
655
197
809
286
726
275
475
845
903
570
814
5
915
821
555
800
473
713
281
924
914
541
742
801
524
841
881
248
329
458
716
116
90
239
668
251
4
395
200
829
498
284
582
889
971
577
955
875
243
976
251
379
476
621
837
736
545
855
655
278
190
561
248
645
34
879
327
963
272
492
417
658
431
942
226
297
540
529
495
169
937
953
580
538
665
852
958
565
261
62
77
104
582
641
786
630
795
791
40
10
916
426
655
606
193
352
914
539
42
20
869
72
673
54
915
842
350
398
804
832
502
192
919
626
466
675
771
167
602
29
201
504
761
620
488
657
152
370
614
919
331
995
882
171
121
868
993
807
94
116
397
62
262
159
541
417
173
768
23
129
816
507
914
883
467
644
477
963
257
608
169
760
857
203
998
999
694
553
53
733
12
724
495
701
220
200
205
748
213
369
553
578
320
207
134
144
158
963
518
495
807
535
670
477
19
393
318
623
956
562
728
181
896
562
62
470
433
455
910
423
380
634
180
661
755
299
292
418
522
399
337
616
504
137
771
216
975
838
683
646
988
271
511
851
871
826
526
57
286
78
113
934
234
833
258
80
294
124
390
853
152
263
357
5
101
130
579
442
950
854
55
901
282
200
353
492
834
70
92
977
369
719
766
232
93
921
239
885
696
831
74
35
245
364
555
480
848
229
806
565
679
180
620
372
662
321
245
34
681
76
223
908
371
324
209
337
809
362
114
153
275
116
690
836
386
775
162
685
987
907
413
302
881
329
870
409
349
646
302
247
799
827
891
981
449
164
598
70
544
22
940
657
50
97
797
266
454
749
528
267
821
394
212
698
490
987
770
541
768
426
846
150
451
449
598
100
749
104
391
843
576
146
653
702
484
34
345
486
819
301
38
295
280
977
576
970
805
697
899
458
204
319
358
218
569
208
834
942
529
228
984
511
442
390
908
707
579
127
699
69
138
767
225
359
814
422
97
769
263
700
572
184
351
22
172
451
535
177
550
608
210
516
873
364
553
615
934
688
927
740
744
766
182
961
250
86
623
302
928
736
180
475
616
81
876
75
661
128
917
296
847
331
439
250
745
549
889
454
326
793
482
568
548
578
10
528
371
149
382
283
216
846
803
615
674
991
303
23
806
429
313
185
747
372
251
171
641
353
418
508
755
812
118
875
391
551
75
74
513
916
558
866
63
489
319
647
199
58
525
650
62
721
891
469
985
345
523
823
643
487
233
582
567
766
454
441
828
365
192
949
204
187
590
836
758
895
669
415
520
159
569
154
732
509
140
118
59
310
626
177
406
217
48
279
908
859
982
756
439
890
397
681
730
409
539
854
497
428
795
486
967
344
946
174
142
443
141
607
795
776
125
401
779
122
585
731
604
229
892
184
850
922
308
362
305
471
410
6
489
741
707
332
304
271
661
672
232
842
192
315
350
147
70
566
249
980
572
263
977
205
278
694
634
163
191
943
845
222
879
666
383
822
46
696
831
350
549
472
314
9
494
619
569
401
949
589
475
883
428
582
354
296
790
880
740
331
991
626
428
290
44
468
806
161
415
646
368
191
253
866
53
643
117
786
386
378
148
55
461
71
847
575
387
16
162
683
604
508
275
801
993
718
73
906
286
679
143
187
842
915
287
353
612
856
274
43
411
130
728
900
360
928
310
670
508
597
974
842
757
153
426
923
126
797
452
66
715
520
572
64
293
494
108
988
155
141
353
725
571
649
621
886
81
329
712
649
342
666
806
921
428
25
552
504
196
957
936
167
643
595
391
506
316
72
29
988
520
567
688
894
156
28
645
887
30
103
459
332
381
477
551
947
648
110
655
155
66
184
363
306
209
231
247
477
928
366
172
932
632
929
991
344
743
857
941
184
882
812
307
822
255
30
366
255
62
772
226
187
934
574
456
581
380
239
979
66
335
142
46
930
208
658
758
981
76
482
222
587
283
340
398
124
944
834
547
432
773
717
639
925
814
472
204
5
499
127
174
494
749
148
489
33
314
409
340
766
54
629
848
369
617
351
243
422
290
5
271
698
347
983
314
29
914
178
988
596
727
483
720
743
605
148
31
847
299
20
467
490
277
579
266
263
764
836
676
308
41
122
514
236
727
937
715
914
734
280
539
747
782
373
826
916
187
780
224
55
501
395
254
208
735
531
94
295
363
657
694
978
914
967
738
476
904
343
900
48
567
36
102
745
924
838
937
146
148
2
619
901
287
938
351
985
128
795
761
351
99
360
419
381
793
617
643
369
135
327
210
185
179
780
333
550
44
670
907
18
910
512
163
170
231
952
16
225
314
844
998
714
365
613
697
883
651
291
246
314
713
855
599
503
304
560
567
982
310
133
997
986
393
22
664
695
76
741
488
110
732
797
238
287
752
107
988
97
280
500
475
118
110
45
119
566
377
523
416
884
669
724
650
956
88
783
440
692
19
786
702
192
376
353
804
512
304
212
216
257
266
873
948
275
556
876
486
338
115
10
247
429
608
755
670
948
543
491
61
500
581
365
784
44
203
617
814
820
199
758
149
760
936
957
272
428
559
971
507
295
223
267
619
925
222
611
653
928
105
996
4
311
475
26
618
796
591
886
846
287
238
889
72
739
168
779
484
160
966
110
440
64
949
636
249
475
328
493
54
726
266
476
55
730
677
888
396
659
219
467
374
697
591
769
261
113
628
272
69
36
828
967
697
599
847
49
870
890
80
816
258
991
589
586
33
388
858
129
859
899
378
0
561
76
46
913
213
429
604
29
17
15
861
781
776
873
866
476
553
686
427
234
118
292
481
687
502
14
851
467
512
317
508
783
746
695
524
893
523
85
41
742
495
395
587
968
115
21
321
848
663
94
221
768
654
398
831
354
574
840
259
227
649
703
580
836
437
251
865
841
839
949
155
247
339
715
832
946
119
254
208
789
617
261
654
303
49
21
878
738
658
385
507
857
773
386
955
682
384
856
866
969
407
597
699
612
116
619
944
343
979
657
169
112
774
71
673
516
905
120
872
281
96
216
949
963
593
79
904
203
907
140
237
35
123
14
117
827
883
967
687
981
455
284
742
974
474
877
754
898
740
248
822
127
598
166
939
262
91
452
515
435
469
466
650
235
464
319
583
236
792
573
399
342
575
979
997
132
779
568
785
253
32
718
254
687
288
809
239
554
968
699
585
758
714
179
200
935
897
26
304
816
445
798
512
533
722
752
73
254
245
892
433
190
773
107
545
704
184
160
735
60
711
594
141
608
931
103
576
794
821
877
148
175
58
91
906
969
486
781
317
47
288
476
649
609
69
303
297
462
986
427
943
508
869
917
121
480
752
241
997
638
362
765
664
740
36
907
872
445
21
351
588
697
556
168
140
870
920
445
775
206
324
481
39
329
889
804
102
995
687
351
606
679
381
381
184
840
256
718
310
970
743
880
428
831
585
354
256
892
90
265
766
864
76
759
646
103
636
456
283
704
620
176
317
756
270
492
356
484
592
592
891
480
390
443
146
986
864
675
24
380
609
526
621
65
578
677
561
925
249
487
613
975
847
756
436
523
21
260
816
900
32
254
519
388
406
709
647
17
761
579
486
192
84
701
240
871
170
571
939
993
311
211
913
406
635
807
707
828
482
590
60
668
266
250
601
798
554
460
573
314
852
454
148
297
205
25
116
257
791
74
734
542
538
762
286
443
181
785
117
819
160
570
768
147
463
262
223
274
351
384
424
644
554
682
106
605
648
283
34
237
786
52
891
866
507
817
682
572
693
135
462
921
982
660
919
990
332
358
137
604
910
902
452
591
301
377
243
364
634
20
959
351
561
809
523
645
469
660
787
712
166
742
683
96
178
593
755
663
165
162
195
561
425
888
929
987
525
412
857
790
564
913
182
8
226
434
824
487
335
975
970
777
876
259
734
130
7
820
938
177
460
136
569
667
616
384
996
873
292
835
763
711
997
715
52
313
20
132
13
530
444
584
930
31
872
648
129
943
542
325
316
847
406
843
977
897
353
33
792
803
923
448
393
303
644
918
63
661
184
471
734
944
265
323
602
791
285
983
998
525
193
756
826
456
909
113
882
864
417
304
1
28
883
418
319
550
219
103
218
722
638
242
429
970
793
252
643
661
959
593
903
292
87
990
736
31
10
256
267
237
480
179
883
398
441
647
508
34
912
698
684
383
903
992
936
56
224
537
407
567
383
378
505
763
115
147
419
502
258
997
120
738
897
451
271
429
403
253
427
788
989
825
274
455
497
770
178
700
625
436
93
599
475
156
890
313
767
4
472
503
47
909
343
117
603
734
326
481
759
720
34
509
7
598
418
211
724
537
294
701
43
525
484
307
925
779
832
591
885
867
418
132
944
904
596
879
277
974
169
481
256
826
144
522
786
611
956
175
810
49
240
203
542
148
461
646
401
400
350
435
404
460
18
633
431
883
945
465
900
68
155
786
274
0
5
388
912
150
158
20
907
285
81
690
760
192
96
428
758
775
701
209
376
400
857
483
407
116
853
778
142
71
748
472
24
874
87
954
521
383
408
957
570
734
274
354
663
904
406
487
72
869
943
140
57
395
381
710
556
90
849
680
486
130
395
602
588
448
70
840
999
999
464
617
102
507
881
373
408
670
335
690
931
653
936
846
321
336
803
710
734
713
793
381
514
790
77
173
811
167
528
960
995
951
504
114
985
699
294
967
914
103
911
860
219
635
774
837
830
482
523
132
322
988
26
183
100
71
500
287
644
601
984
569
682
479
437
24
997
812
162
237
815
532
779
326
33
171
551
824
735
940
161
416
279
866
422
290
879
126
828
890
118
589
525
498
494
212
938
510
564
820
692
484
387
33
114
892
758
156
572
561
448
816
515
620
676
16
431
789
595
739
721
611
990
516
556
206
257
951
202
457
461
924
834
350
351
812
732
895
941
69
549
241
374
697
595
597
454
756
758
955
639
5
556
849
611
947
731
168
955
991
537
261
634
990
883
416
433
645
826
737
589
501
503
504
361
892
858
133
112
94
549
426
250
708
266
94
599
942
992
834
222
386
598
743
448
57
380
90
232
368
324
89
765
374
910
316
669
240
337
624
367
440
601
411
360
984
63
789
927
526
502
467
863
689
952
117
112
237
999
850
236
244
714
460
534
88
729
391
827
709
968
774
675
2
871
320
477
587
55
757
996
679
204
703
525
915
273
143
870
944
64
962
999
836
890
965
15
582
422
383
217
116
640
485
364
607
806
783
596
522
181
932
554
447
8
118
98
903
31
338
81
221
820
11
925
333
854
921
260
292
572
255
595
934
481
703
814
879
317
401
521
447
405
750
688
292
946
701
455
192
201
417
294
558
969
940
41
230
198
629
665
692
988
0
165
685
663
415
980
992
693
818
788
88
161
604
76
302
701
601
318
369
610
981
277
483
561
107
996
104
845
761
407
362
783
997
532
802
416
642
485
532
646
662
861
530
397
427
960
709
927
665
570
932
392
702
782
268
517
433
893
677
114
312
840
896
123
217
654
625
522
629
361
945
234
392
263
502
517
492
946
734
739
300
298
362
836
439
343
610
554
879
495
61
657
493
202
460
221
646
766
805
524
377
753
562
937
225
945
254
946
540
693
502
931
266
971
91
153
967
646
85
627
193
242
807
784
545
360
72
54
288
546
355
93
316
174
872
575
742
379
647
24
723
897
89
540
387
213
127
944
363
358
127
206
467
718
731
679
814
952
903
284
521
197
988
417
372
591
357
254
902
786
336
142
277
85
881
940
409
624
882
20
985
295
216
328
354
528
538
767
880
108
142
356
950
821
14
131
459
788
972
876
597
779
108
39
510
422
385
369
524
306
481
767
904
118
520
201
83
4
982
721
864
357
400
610
498
797
583
936
303
478
330
775
898
945
191
547
210
356
306
557
72
107
274
486
813
407
132
667
997
71
24
819
723
163
680
959
939
539
165
969
539
20
66
775
649
129
216
508
399
758
961
148
195
990
229
906
197
510
236
45
212
862
955
873
33
56
547
915
514
630
973
811
480
513
939
106
217
657
816
927
861
534
762
193
217
296
17
454
790
893
349
169
464
601
762
159
647
566
660
49
503
259
524
259
46
343
930
865
204
858
207
311
413
136
977
346
536
508
368
184
607
636
714
233
144
31
82
466
417
464
535
712
122
797
712
948
188
109
431
659
368
622
276
955
330
74
183
437
817
447
29
142
941
550
822
557
945
283
924
943
872
43
856
298
381
843
924
790
40
500
703
873
333
538
533
461
419
801
517
449
811
900
327
546
112
159
610
918
379
610
915
126
785
718
122
79
222
533
109
267
748
72
424
161
362
512
750
927
350
97
356
236
593
161
91
386
318
129
864
416
290
964
642
155
925
530
576
204
690
928
103
621
913
252
972
352
148
123
931
554
46
833
528
214
935
8
621
863
751
691
756
933
985
16
208
819
585
748
47
909
949
995
854
351
220
834
47
448
233
210
453
71
987
523
830
448
548
253
38
45
775
543
397
632
445
455
161
44
634
501
95
105
81
458
533
295
734
538
959
283
42
763
999
706
14
228
725
570
276
142
401
983
350
421
858
792
400
284
595
307
488
585
389
552
798
690
170
727
953
368
482
515
202
274
658
586
891
117
996
476
299
157
288
865
828
624
133
761
410
109
577
644
770
799
198
314
536
239
27
998
389
489
53
811
791
977
429
679
190
531
621
913
643
588
724
214
161
589
24
555
754
25
709
535
465
579
302
566
494
60
32
371
433
48
962
428
328
695
975
483
876
339
576
719
319
221
453
164
470
594
480
554
400
542
790
705
732
650
181
408
257
303
202
482
968
356
708
91
714
317
724
234
384
354
555
758
940
893
192
659
642
988
470
961
80
166
235
557
490
739
385
427
897
3
326
865
848
913
321
484
825
248
236
86
593
367
711
850
19
243
23
75
809
435
55
591
144
149
338
490
625
984
476
102
359
317
298
271
417
621
161
675
375
584
727
794
903
805
855
772
487
892
728
790
705
840
551
222
180
852
142
339
207
573
4
441
464
504
607
318
150
613
993
307
985
860
450
44
148
795
751
212
571
331
460
724
240
305
991
50
391
524
276
664
186
881
762
340
7
149
187
0
73
974
100
982
22
44
181
442
636
188
628
406
315
111
92
983
730
790
246
49
959
350
553
316
744
763
637
556
486
732
362
647
300
629
686
541
969
332
463
533
929
802
869
333
335
164
718
403
664
892
936
347
828
215
603
336
635
180
292
569
72
947
218
745
277
180
28
82
119
861
102
42
334
185
579
337
97
511
901
457
40
900
708
211
697
924
988
986
268
957
856
361
257
678
255
507
411
85
191
41
229
725
630
366
931
659
223
630
168
58
277
865
822
655
507
295
487
119
610
586
247
721
916
518
336
774
2
926
653
528
770
537
688
429
218
383
671
520
260
6
766
75
548
38
959
404
92
885
709
115
364
30
232
761
769
610
758
25
427
524
669
338
729
528
570
395
832
308
930
28
863
480
539
938
289
547
258
856
261
83
719
399
916
683
737
579
92
792
491
864
678
53
589
131
896
489
438
963
770
160
988
575
346
825
15
38
745
63
917
683
725
711
539
564
878
31
527
342
718
160
999
440
573
1
870
231
119
782
843
393
61
570
408
444
231
959
596
459
464
977
843
355
112
606
934
791
384
233
846
165
601
399
271
732
110
393
606
591
338
8
448
866
229
146
865
707
987
613
305
986
23
31
879
477
663
49
872
361
114
262
73
519
451
20
549
478
870
397
860
618
703
286
442
642
814
515
732
383
672
29
941
436
53
650
45
248
458
233
745
968
662
477
172
618
799
49
92
33
568
443
728
242
101
416
671
368
959
916
939
393
147
559
5
115
420
515
181
785
873
355
202
348
581
750
962
606
5
660
487
315
1
150
979
388
621
858
219
407
107
937
429
291
507
307
423
345
42
825
1
718
389
522
178
684
772
644
770
562
656
131
863
43
341
707
884
589
549
122
857
759
480
722
340
40
701
824
311
815
592
445
968
851
955
672
97
415
484
462
765
822
62
371
547
645
719
264
231
490
889
727
214
45
852
9
794
327
346
423
178
519
252
144
210
277
161
28
445
575
559
9
977
769
229
713
412
375
51
503
282
328
511
505
90
752
605
164
844
323
63
282
2
376
44
592
266
99
916
853
862
415
784
839
695
824
551
303
290
828
374
25
179
769
628
876
802
397
646
679
458
714
17
535
306
986
561
173
679
820
605
415
197
7
180
342
604
563
78
516
162
893
34
530
578
43
730
182
178
670
147
619
901
244
612
248
272
687
475
562
572
218
987
304
68
664
265
451
424
691
742
321
905
826
923
23
625
414
229
155
87
433
422
752
202
217
19
486
836
109
975
101
956
232
978
828
723
65
487
738
621
754
276
784
841
779
996
767
107
864
781
471
240
16
365
623
459
728
969
913
937
918
195
540
316
286
800
399
129
149
494
866
949
309
380
390
467
65
386
552
327
901
914
927
966
81
352
4
978
313
118
347
771
915
895
121
389
563
730
746
353
238
993
897
780
150
717
373
122
647
96
973
232
209
209
731
164
175
85
681
2
980
688
812
482
309
790
644
794
539
189
961
116
820
106
838
701
955
690
108
300
832
211
173
736
243
989
12
666
92
944
434
841
125
346
997
347
944
868
733
597
351
320
462
891
68
344
457
23
350
845
141
631
954
189
435
226
690
415
469
325
212
234
263
983
226
262
363
893
95
276
401
13
158
824
415
12
882
984
606
903
952
25
590
779
978
754
254
25
174
650
150
645
141
142
220
258
853
692
7
170
397
922
331
337
733
219
780
573
380
674
811
722
931
934
829
267
766
296
718
760
451
953
492
624
853
165
262
852
651
692
303
634
387
193
927
613
234
288
699
56
257
499
822
76
573
79
486
267
775
456
718
581
81
57
962
759
374
610
539
332
88
566
515
94
1
324
155
570
288
891
753
875
62
764
643
115
239
45
92
514
145
446
491
778
290
893
830
218
475
32
854
989
153
874
176
925
909
212
179
43
684
325
533
532
60
417
249
284
207
609
424
795
364
202
84
48
59
353
521
163
315
153
266
124
752
60
952
359
176
554
944
648
553
741
149
570
564
944
858
141
338
356
577
259
839
590
107
568
42
241
838
386
915
589
780
156
191
636
751
786
485
577
305
34
536
132
198
530
321
799
808
202
478
838
882
888
309
168
335
788
816
76
305
155
628
259
324
889
338
910
860
890
673
592
555
412
273
765
77
838
419
532
382
83
48
439
208
620
624
876
855
192
909
909
261
463
72
134
914
716
994
485
29
303
476
867
508
348
440
138
932
195
967
865
898
324
993
571
154
959
616
941
380
151
494
672
622
618
336
394
382
904
791
802
338
968
594
639
919
268
211
765
2
63
25
292
204
698
900
412
171
610
38
691
556
271
567
431
819
229
730
871
693
688
561
431
442
61
571
929
69
679
65
871
52
984
235
380
831
784
607
686
703
50
995
515
212
65
784
399
574
158
993
222
160
83
239
458
136
716
681
844
929
331
6
569
879
688
73
152
52
38
104
275
496
95
109
342
850
772
158
637
812
42
464
803
205
152
368
547
785
807
162
858
774
941
784
746
390
961
172
268
476
814
466
702
993
789
67
466
174
448
994
413
600
798
525
241
100
82
195
171
703
225
721
225
222
910
806
841
756
447
519
533
734
62
108
238
684
969
599
945
798
199
707
930
711
471
359
333
789
621
91
578
133
785
707
527
763
616
603
68
919
428
417
119
436
656
563
203
774
97
44
755
365
769
957
38
303
510
141
66
335
987
955
145
177
996
140
629
894
568
177
42
929
463
271
520
847
883
819
982
434
949
288
691
27
284
965
143
630
505
362
553
661
328
876
516
151
111
0
689
582
314
84
750
40
411
112
782
973
444
666
134
344
366
733
284
840
713
799
982
171
48
447
952
300
17
765
31
104
891
694
948
803
815
721
595
391
101
956
919
506
378
461
388
685
174
720
988
679
154
258
242
752
68
124
521
141
9
694
912
98
800
339
659
65
228
565
752
462
693
145
737
483
334
474
347
73
426
146
818
266
566
690
825
66
288
842
899
330
401
123
24
319
555
7
221
271
696
387
235
765
240
580
54
328
414
883
956
707
811
566
184
662
356
757
836
967
72
58
606
117
337
108
56
883
761
2
913
376
689
767
758
580
690
740
977
94
800
205
770
604
332
625
25
874
342
276
328
374
491
822
333
445
740
323
7
247
764
507
548
790
460
511
506
704
950
501
219
962
854
493
317
837
7
404
220
865
0
367
234
826
419
138
484
239
533
333
737
615
384
669
898
990
907
388
974
729
652
984
622
949
785
466
673
653
71
387
612
702
622
484
545
225
449
661
599
989
476
559
919
486
997
165
732
320
656
139
471
923
156
578
896
967
766
976
72
119
364
815
419
445
422
530
12
506
103
9
181
562
986
257
913
473
421
710
151
123
932
743
607
649
474
871
464
116
996
412
684
222
280
555
200
283
941
397
407
851
837
71
156
898
687
812
325
711
629
525
526
537
578
671
609
408
471
626
109
174
663
114
190
799
887
396
194
105
419
542
851
621
185
261
863
221
789
649
471
581
644
841
122
144
843
477
485
744
514
197
500
22
145
596
446
77
295
499
599
597
21
486
857
204
512
787
959
149
94
368
324
320
356
343
641
907
177
781
712
330
273
561
979
672
703
322
936
430
333
455
807
498
443
862
837
984
349
524
171
768
957
367
100
551
812
62
382
133
679
580
430
830
87
888
253
60
595
152
265
811
601
218
256
396
856
194
448
302
261
225
508
602
704
135
311
331
648
424
692
915
441
261
74
176
848
334
226
553
147
372
617
163
996
862
952
124
836
564
336
820
499
605
209
916
559
574
729
688
619
474
241
725
165
98
455
23
278
874
773
690
694
867
491
700
670
822
144
7
51
987
900
878
930
961
260
651
421
325
369
324
67
870
429
327
498
386
970
719
325
208
655
918
817
711
378
15
833
182
139
357
176
334
62
342
636
181
918
421
684
404
646
74
78
16
177
725
322
641
824
223
506
48
34
749
305
472
486
438
464
177
501
38
46
775
534
722
98
139
894
301
232
551
628
817
107
147
124
20
698
148
841
978
158
457
680
190
643
666
668
603
266
724
499
543
932
245
846
469
329
953
512
811
992
151
363
474
35
778
2
45
487
856
169
927
438
925
123
270
997
140
341
3
502
232
332
170
742
422
97
695
369
812
885
301
327
503
614
657
137
374
614
230
379
890
370
568
894
661
241
332
456
782
500
42
608
803
588
735
496
8
738
546
755
425
800
247
603
33
538
755
57
59
265
166
311
205
636
720
497
174
367
118
472
864
483
773
7
956
979
453
873
284
239
672
211
509
187
34
642
479
114
643
25
680
9
877
275
86
745
2
77
975
880
266
435
976
594
670
549
949
480
138
192
888
7
539
26
97
641
493
285
744
316
819
662
888
61
862
555
120
302
53
898
442
829
39
119
513
122
617
475
73
828
836
438
315
367
134
113
336
211
779
743
222
909
344
861
849
519
116
639
638
634
905
299
379
97
771
207
620
57
745
508
733
171
830
125
536
396
786
379
441
917
302
943
703
211
185
573
946
61
232
17
268
178
875
938
498
244
896
939
205
647
710
214
848
757
931
260
433
328
683
6
296
539
624
384
598
76
973
211
372
442
316
168
288
541
772
649
888
311
207
415
680
145
314
857
79
829
852
512
738
950
9
878
529
852
550
595
431
823
298
603
593
181
138
851
705
802
184
836
835
361
702
344
659
748
558
369
974
450
51
653
466
822
964
483
898
922
500
295
571
708
596
75
915
15
624
631
902
232
8
876
110
870
558
134
265
737
196
411
452
850
771
290
251
636
309
465
814
770
391
731
225
742
738
629
834
198
735
265
982
924
621
584
405
176
115
584
844
392
327
253
999
807
715
450
869
528
593
827
114
465
595
528
722
538
868
997
368
527
85
795
817
880
376
624
1
214
80
784
464
387
717
850
151
199
826
971
583
771
148
278
969
532
581
835
779
952
319
643
222
522
966
493
332
305
743
710
659
782
755
165
45
10
436
209
808
612
651
883
901
199
595
502
822
685
53
565
710
247
114
608
110
640
211
563
909
912
194
17
650
869
914
372
322
406
562
514
209
745
65
361
908
930
755
573
543
377
78
962
50
399
457
605
142
3
577
214
612
795
68
472
56
155
639
882
861
805
836
572
959
545
67
130
344
154
23
714
32
980
901
412
289
449
716
470
24
57
251
241
81
907
22
997
589
682
646
738
72
193
971
621
442
703
846
834
289
489
29
277
917
348
201
174
857
512
821
556
992
139
470
652
731
738
585
890
31
886
673
405
349
793
876
684
607
158
8
971
224
132
874
834
39
631
719
669
848
275
387
870
78
374
815
808
727
886
718
474
996
46
49
734
370
543
249
149
362
772
564
125
873
235
98
739
372
475
374
99
145
819
413
855
503
526
309
993
410
625
301
905
179
627
769
646
857
288
406
523
762
46
812
498
477
276
113
884
879
540
109
308
598
883
330
292
576
354
481
32
265
509
366
667
780
46
282
672
950
829
126
473
375
160
43
782
208
271
865
421
752
565
255
700
36
773
740
510
587
495
754
36
288
694
655
318
852
915
877
266
593
920
542
0
620
471
647
971
30
844
628
761
367
751
179
405
924
716
618
889
206
632
631
954
450
987
830
968
299
535
206
463
529
456
143
87
332
919
447
436
809
340
861
154
921
884
742
352
535
500
835
139
672
282
181
367
483
280
876
721
525
150
526
95
54
598
337
484
537
814
845
561
738
1
40
294
211
732
391
538
989
801
540
187
1
50
917
373
155
647
936
316
801
383
369
448
215
278
866
410
311
787
965
8
904
562
622
992
403
252
986
772
90
971
244
712
457
924
842
896
78
878
95
749
613
605
830
777
128
844
201
768
610
588
781
154
658
28
886
720
607
863
330
721
156
944
454
944
990
561
500
23
825
362
436
604
50
529
260
851
964
492
975
627
600
180
229
525
447
333
155
30
379
330
629
723
588
789
231
467
615
80
192
908
924
269
118
655
187
414
322
601
687
871
469
229
514
974
795
239
661
225
156
160
245
937
276
469
690
202
196
18
186
952
708
522
35
743
558
465
445
439
198
987
125
608
549
814
354
188
3
764
781
97
997
544
818
492
144
688
446
745
277
457
487
456
366
418
753
579
859
774
56
742
721
457
664
668
886
739
883
403
390
170
294
575
88
265
614
900
444
620
858
971
683
625
201
829
795
2
853
518
622
749
12
91
55
203
442
639
179
480
644
207
401
870
315
457
598
618
98
932
440
58
846
90
356
438
236
875
770
258
453
359
812
225
484
967
626
188
943
621
945
104
122
622
107
611
995
721
860
142
793
93
296
766
266
768
437
85
731
493
476
889
639
742
560
771
94
813
880
476
851
877
474
753
338
839
100
625
550
705
192
841
659
319
891
565
250
17
442
952
462
894
673
24
770
679
376
254
127
180
367
580
588
927
472
884
462
794
110
365
505
875
775
604
882
639
928
866
972
541
65
972
50
268
786
827
388
142
519
552
278
685
200
386
855
156
470
895
125
482
481
947
751
500
908
839
638
193
845
135
512
684
500
810
218
930
101
941
805
519
953
554
581
148
852
555
104
833
509
27
182
309
306
581
900
719
497
19
901
819
633
663
678
166
490
776
956
929
538
25
715
302
819
962
403
221
537
250
261
895
888
672
597
72
349
559
341
370
760
381
595
908
860
862
170
426
535
315
950
680
200
156
472
866
981
354
840
668
54
156
654
231
403
176
357
171
820
285
449
147
483
653
414
439
282
201
387
195
875
681
236
653
358
646
446
56
513
111
58
772
240
831
913
669
312
416
607
378
871
134
100
950
270
798
919
587
719
414
781
115
70
705
821
311
661
865
717
323
472
33
402
985
44
789
512
400
760
237
967
154
642
549
547
926
159
735
25
859
616
516
957
485
987
677
904
605
936
174
282
800
424
225
337
144
78
56
948
678
694
250
695
871
228
371
46
202
765
997
363
371
125
536
343
359
31
441
426
668
157
199
561
763
704
457
860
485
909
506
417
715
909
512
17
582
734
91
429
209
473
508
156
903
836
269
305
995
341
91
897
509
877
920
573
583
292
12
94
18
261
704
959
368
933
169
894
239
567
81
635
263
245
36
186
555
774
724
987
199
962
743
705
507
397
384
926
970
472
96
767
685
960
852
406
317
623
968
29
752
915
99
524
522
395
155
215
335
39
740
203
414
394
345
614
445
198
607
175
52
256
505
63
256
777
301
963
502
640
855
188
196
143
409
232
915
957
716
520
679
165
30
723
830
851
454
483
186
392
724
144
149
776
909
164
201
346
175
286
741
29
6
145
517
351
501
272
663
347
124
625
248
600
308
885
383
646
607
82
201
540
542
70
340
899
336
574
74
651
783
342
811
993
621
726
6
596
147
665
792
566
35
874
849
988
981
100
254
485
27
141
568
668
783
960
925
422
649
71
197
326
527
247
920
708
375
816
765
754
83
512
97
759
415
126
514
669
284
783
506
646
42
966
27
689
787
248
697
735
496
790
510
107
629
757
888
530
987
47
253
480
515
791
79
66
842
757
903
279
942
178
278
838
867
383
402
263
231
821
155
532
5
710
694
740
624
558
872
31
805
489
218
699
723
73
191
436
370
266
956
474
220
506
399
152
309
360
526
387
187
835
990
919
81
188
700
42
382
800
636
253
61
741
200
52
820
57
298
736
570
601
849
103
999
749
981
402
174
405
58
584
553
355
256
813
458
63
468
517
251
864
881
18
625
410
82
852
779
876
479
556
589
240
602
277
383
909
531
424
271
392
385
492
881
649
497
229
615
221
42
321
879
208
597
378
429
642
260
236
208
663
675
283
389
723
867
297
472
956
99
155
980
328
853
905
875
700
935
93
180
381
813
22
164
7
732
147
546
105
199
397
499
982
135
968
753
584
34
387
200
205
935
117
681
472
232
923
614
296
693
947
544
530
601
943
721
190
533
152
373
571
82
167
263
552
641
76
854
877
745
413
291
607
736
858
730
205
51
459
433
889
100
636
180
855
459
871
734
479
362
425
427
836
530
132
17
474
782
677
803
390
13
210
258
170
324
372
78
904
956
689
635
922
603
971
523
395
546
654
514
698
383
833
487
355
883
127
762
388
921
868
549
480
957
557
325
325
797
548
4
570
537
114
491
94
611
652
637
332
242
710
613
328
399
424
333
653
49
302
976
611
942
740
860
805
196
271
339
955
282
415
540
601
567
351
760
628
674
752
595
960
604
51
755
803
686
193
464
963
565
184
415
60
927
960
83
833
286
826
312
258
563
959
430
430
52
319
171
418
30
107
712
859
23
310
53
20
229
575
518
136
433
130
674
934
589
9
646
61
541
943
302
994
671
683
861
1
19
708
67
809
138
220
290
890
207
76
714
137
273
846
216
177
177
429
397
42
228
941
378
974
201
206
389
550
150
121
64
172
815
423
69
236
928
368
686
174
59
26
759
854
164
569
152
868
863
325
301
35
103
136
91
628
425
298
465
791
831
15
295
960
376
483
814
695
561
29
27
189
593
86
517
202
178
350
447
147
341
830
774
349
794
889
196
122
17
382
790
104
142
16
234
280
210
688
304
652
49
874
418
401
334
902
957
661
263
974
413
471
599
486
98
951
556
642
162
188
834
740
781
62
647
55
803
772
805
312
749
274
884
674
560
560
887
264
160
33
804
370
810
138
3
307
91
416
462
594
551
276
302
17
249
706
367
874
385
793
178
522
746
510
93
159
708
310
750
453
670
388
910
681
933
822
612
863
618
19
950
747
983
936
645
637
837
859
165
19
381
332
882
879
197
348
932
186
723
283
16
242
488
730
330
7
27
99
927
503
756
230
583
448
708
581
758
145
928
92
218
478
958
279
15
364
55
764
752
926
146
823
253
79
224
994
946
950
487
674
78
171
982
862
911
332
978
934
396
849
667
869
249
754
631
625
173
403
119
992
663
118
202
531
747
289
739
359
270
375
220
415
411
202
788
30
397
278
384
738
86
417
195
402
530
228
954
548
220
952
288
648
662
727
780
684
726
565
889
940
358
439
232
771
970
711
335
122
638
582
153
270
840
817
179
424
251
778
721
0
567
584
289
943
431
49
896
389
533
941
473
492
963
750
750
923
572
397
859
174
28
41
229
840
389
751
982
6
69
961
732
814
126
499
964
520
759
903
987
559
773
692
827
509
499
24
715
357
388
705
720
407
846
855
841
965
678
799
657
566
276
287
112
129
435
172
529
261
755
864
726
364
571
180
259
799
332
251
467
339
48
508
905
117
616
623
972
18
770
120
553
216
63
873
731
292
336
266
177
497
5
388
129
87
454
362
656
952
48
411
946
203
915
320
258
388
801
460
896
594
623
643
291
931
601
443
114
731
992
121
625
264
17
360
981
714
882
364
207
118
10
661
407
92
276
471
803
542
83
358
719
5
670
665
965
200
861
112
314
708
349
440
966
326
686
49
280
92
570
767
218
923
120
774
532
874
954
143
94
735
334
244
301
76
713
351
602
719
860
748
914
412
2
201
513
765
967
324
39
420
636
443
625
408
966
695
410
562
719
608
216
414
354
745
486
254
743
701
2
407
3
164
546
812
322
456
382
129
907
903
19
349
333
749
127
175
124
539
705
720
962
587
328
91
291
239
995
588
220
19
722
381
780
756
291
88
577
79
664
95
904
37
898
137
298
535
185
368
412
378
673
461
106
277
452
801
313
568
241
570
231
447
347
931
138
818
701
360
410
154
931
82
579
960
608
68
971
528
718
734
167
220
880
136
840
527
478
998
451
939
765
803
333
421
472
145
280
716
158
20
968
933
301
215
619
518
988
784
407
342
594
699
36
659
960
876
909
184
404
310
431
612
638
700
700
366
59
134
230
144
825
46
196
533
159
762
558
897
413
276
936
47
971
817
628
236
525
48
947
79
963
500
276
448
165
485
56
110
842
267
796
214
903
134
565
257
597
777
86
697
70
336
216
805
559
780
412
611
978
669
233
476
417
977
758
286
749
520
363
703
967
936
730
665
901
309
385
303
317
612
795
542
597
569
863
970
290
509
921
478
628
14
994
26
154
348
369
259
1
720
345
838
414
28
497
104
634
66
428
207
956
247
480
837
24
10
211
57
374
707
416
39
488
118
942
285
415
224
306
842
189
590
67
512
702
850
21
197
321
260
181
368
805
865
139
821
526
434
792
683
742
683
670
988
557
920
280
390
71
794
927
146
774
900
751
801
62
59
883
946
148
844
525
393
929
904
663
488
19
413
4
916
715
434
901
379
361
277
549
277
457
132
226
480
272
529
326
949
843
998
811
162
297
76
398
721
91
386
566
468
391
387
466
432
474
693
229
612
52
130
559
695
609
522
136
837
307
11
736
558
840
591
156
360
439
663
371
845
620
733
632
7
36
634
739
570
586
158
429
271
558
744
716
89
525
544
708
728
44
886
194
586
776
684
429
290
269
980
708
719
90
879
353
873
713
606
650
716
293
157
502
72
397
523
859
976
919
508
219
797
184
191
447
716
427
848
89
133
351
900
832
232
257
740
259
450
826
164
661
116
519
225
24
629
106
836
171
891
686
734
666
319
389
336
327
248
765
250
878
853
155
431
998
82
838
676
378
248
189
360
85
361
107
640
817
643
552
446
70
952
250
162
533
366
956
431
358
600
167
858
960
812
723
763
249
159
503
561
37
944
455
575
251
48
146
663
474
310
284
678
291
878
403
421
973
700
877
185
865
308
203
837
243
186
214
243
684
952
333
777
593
796
352
476
635
956
676
802
762
11
683
135
235
695
137
26
375
729
250
395
666
965
824
709
580
569
938
610
939
16
191
488
837
864
145
143
297
602
393
700
901
837
352
857
82
423
935
87
334
725
505
151
879
818
740
138
7
602
506
690
793
845
200
20
391
98
985
609
809
316
839
468
378
427
764
532
82
696
97
230
724
812
149
132
703
900
712
506
634
210
490
282
165
102
615
301
577
904
404
4
725
390
380
120
417
972
144
93
868
913
713
293
591
667
221
46
71
781
745
10
247
516
966
285
685
921
679
810
831
898
972
180
840
301
272
926
329
90
35
840
563
389
524
751
912
195
819
34
893
645
188
702
154
256
456
769
544
998
0
288
963
784
512
74
702
132
290
478
518
560
221
529
60
964
491
400
408
650
524
647
182
799
62
529
953
635
547
314
135
14
561
633
108
515
299
667
609
944
542
51
966
530
811
67
766
333
531
24
373
719
287
127
921
149
245
374
322
499
209
978
719
273
805
519
934
793
221
264
641
182
34
651
731
875
128
157
519
885
410
700
33
533
921
141
935
165
524
747
138
371
799
548
82
937
164
478
984
908
823
601
548
119
185
1
152
325
192
535
940
163
901
229
400
243
767
415
40
281
730
751
387
494
881
805
361
868
898
821
814
589
393
241
414
929
11
353
930
615
697
92
386
22
838
656
753
11
630
397
847
399
992
719
664
68
505
380
50
102
884
368
13
100
335
185
473
735
77
284
850
831
896
520
452
449
690
665
957
165
122
614
177
973
983
81
653
387
903
975
164
878
690
442
560
241
108
698
173
211
217
287
996
13
374
831
536
226
607
461
284
298
638
987
591
440
269
167
179
825
949
528
448
899
940
408
569
767
38
916
327
507
147
779
619
712
267
529
874
583
563
122
282
811
93
197
688
864
106
760
559
413
88
790
392
520
917
872
807
494
650
494
673
642
470
332
159
367
578
947
447
879
413
371
879
452
337
650
350
714
812
297
869
855
477
76
113
265
780
983
688
21
294
244
41
335
346
983
452
67
834
711
357
180
522
24
976
184
663
23
964
185
815
610
271
531
646
39
872
438
271
201
345
424
168
329
471
495
340
499
486
435
901
100
170
265
253
542
685
386
752
161
695
255
986
854
1
702
899
871
472
45
695
706
762
453
992
908
122
198
604
451
758
807