581
129
610
457
98
129
648
957
327
415
639
813
269
516
861
157
805
711
988
782
367
646
757
215
454
555
890
307
720
997
180
346
278
148
49
514
8
767
112
360
986
965
623
124
717
981
861
284
533
589
19
363
191
739
560
120
153
918
504
440
947
610
83
975
499
19
426
544
645
166
754
591
620
935
696
150
719
454
354
252
904
87
155
247
87
710
608
773
440
273
111
986
602
870
761
669
801
448
476
282
777
237
634
698
700
327
540
11
968
283
528
441
364
495
950
417
396
951
248
359
412
670
799
949
997
956
728
756
483
509
140
407
595
934
749
306
728
470
783
509
569
441
833
476
523
387
974
784
396
407
635
848
646
350
60
456
670
785
414
363
202
578
998
838
841
683
907
235
339
443
812
337
121
814
76
708
617
717
376
740
545
552
299
938
435
58
844
723
8
449
132
147
663
845
13
472
147
367
560
355
499
987
873
883
156
439
447
336
146
344
381
274
90
331
825
374
323
715
834
765
114
62
308
242
456
307
240
367
667
677
324
819
819
119
327
590
571
124
11
343
726
999
322
36
739
562
316
77
143
270
654
206
701
464
953
7
554
209
601
624
199
496
337
636
93
594
146
841
591
923
54
212
142
162
128
723
694
441
662
124
14
459
998
967
68
871
696
819
934
436
127
363
714
71
903
917
922
951
386
11
440
401
962
907
392
902
694
752
512
118
950
340
898
294
322
105
115
759
936
398
608
520
245
992
388
341
115
607
838
585
585
428
598
201
283
579
59
685
656
904
877
655
318
512
36
801
247
710
930
895
473
398
249
166
759
642
929
870
723
788
613
586
996
494
722
209
415
743
215
378
977
339
59
159
11
252
349
314
572
229
367
26
543
323
216
422
483
389
229
980
617
168
92
226
72
250
877
330
310
700
500
4
796
444
639
33
549
52
774
91
666
812
367
848
247
225
448
717
179
709
317
592
979
64
596
969
972
192
755
950
365
130
265
983
843
996
105
334
830
763
269
536
45
648
353
950
356
482
211
949
337
894
422
345
474
846
836
206
204
76
358
982
875
102
805
974
556
384
285
240
565
279
863
989
392
679
848
648
175
82
656
695
456
394
650
884
580
819
542
14
66
353
154
124
656
384
66
861
333
733
156
218
174
683
591
236
644
670
718
654
789
890
746
368
323
248
899
895
820
539
69
462
548
439
594
285
744
301
938
67
535
384
326
374
598
370
247
295
543
283
899
913
97
995
522
199
306
936
113
489
340
848
538
415
777
58
940
225
365
996
325
773
996
554
632
697
180
89
36
649
64
834
113
306
804
148
381
381
68
543
444
560
130
839
27
27
264
414
69
583
345
796
555
87
708
920
865
888
31
306
298
163
385
694
339
49
117
646
423
493
987
477
511
824
429
87
241
534
311
193
568
692
53
168
556
981
752
452
715
967
25
990
856
609
935
389
476
255
771
7
786
794
632
958
520
270
539
496
704
506
292
572
443
630
620
619
624
637
921
14
626
767
584
559
490
451
675
847
980
525
222
698
353
687
187
357
659
122
588
383
627
983
564
305
726
482
578
757
72
913
351
932
573
176
100
332
339
818
296
94
840
444
957
631
361
822
410
394
766
670
552
508
571
608
451
299
612
198
430
852
451
810
942
460
252
56
744
92
645
141
595
738
386
645
116
500
972
827
581
422
388
864
191
254
228
26
319
138
617
471
628
432
728
481
956
369
278
843
799
853
580
952
687
232
938
878
6
148
718
928
857
523
282
8
553
14
912
372
998
959
339
406
109
562
594
45
764
695
264
406
583
889
143
294
838
594
94
868
122
204
198
943
251
121
240
797
232
977
388
200
677
465
933
882
261
762
877
152
745
832
119
785
290
316
551
652
465
617
541
292
789
635
162
773
814
814
119
58
551
126
714
987
625
664
297
584
3
85
456
458
51
811
511
725
407
599
708
544
396
262
650
573
274
288
938
937
311
23
615
189
451
749
979
252
14
552
326
339
593
249
855
835
534
160
533
818
520
22
397
424
354
889
813
326
886
842
451
147
364
227
865
15
898
469
217
383
477
473
710
192
904
374
537
135
958
794
808
588
725
463
390
403
972
28
451
417
88
840
455
819
261
31
736
916
431
649
91
22
970
934
702
170
859
662
335
993
819
645
639
687
23
321
726
754
644
508
802
261
335
154
612
950
603
670
291
154
695
336
565
902
855
663
576
414
207
234
60
622
542
3
346
497
49
606
641
184
172
891
591
853
539
591
497
149
966
90
622
368
561
180