746
396
431
19
21
592
421
22
152
529
271
560
580
528
85
880
27
196
649
947
565
520
33
232
64
883
383
359
682
985
830
139
322
156
599
497
714
857
754
903
924
42
141
978
987
454
829
616
168
951
130
682
652
226
268
820
826
843
902
756
759
925
391
774
843
387
734
430
456
416
907
946
832
310
202
176
578
321
248
359
795
298
643
240
163
294
222
655
467
638
329
224
876
311
533
548
979
700
322
613
360
242
619
874
897
905
636
996
701
266
840
884
484
12
425
481
126
558
395
823
639
584
356
233
157
171
599
173
495
562
296
483
770
132
833
902
559
667
665
984
906
550
554
742
505
807
283
946
482
959
918
65
430
144
988
972
389
7
202
859
807
618
526
319
111
367
688
148
833
849
528
794
354
567
116
123
391
849
163
140
917
701
677
967
291
657
964
954
539
213
959
693
127
445
145
710
944
53
5
787
643
924
208
405
551
835
486
999
978
537
632
533
655
447
77
290
337
74
268
106
910
224
636
537
895
896
663
213
649
596
324
244
286
120
444
617
120
715
848
334
703
464
784
223
165
147
890
125
173
485
161
442
533
990
794
926
249
379
782
132
965
454
937
996
316
588
386
1
464
444
275
577
878
291
838
547
621
940
663
347
153
888
52
559
570
397
33
48
949
105
517
875
166
895
695
848
985
572
69
347
233
217
945
596
515
371
834
228
928
297
69
307
823
926
192
642
836
443
737
415
597
803
695
426
865
219
784
286
517
857
155
194
287
835
271
658
680
402
628
537
674
975
566
205
571
230
127
429
831
218
655
875
224
353
225
826
359
349
5
554
335
955
701
63
717
518
845
125
726
201
575
879
467
165
998
899
751
620
299
405
607
73
762
168
383
527
956
578
79
721
529
877
430
652
350
308
876
654
221
804
761
268
190
107
607
708
300
46
179
205
311
940
241
863
385
238
33
33
824
272
520
282
841
204
128
652
484
632
293
294
534
733
637
317
34
288
798
182
37
366
741
676
237
212
208
941
838
938
139
578
237
149
194
828
825
376
922
997
34
835
273
803
45
133
519
456
661
823
378
782
997
541
171
383
794
736
102
59
840
711
841
858
601
90
572
152
224
729
690
790
542
220
383
791
738
965
330
425
481
30
760
157
411
809
188
270
579
858
418
615
205
158
71
828
319
898
924
562
42
917
348
717
825
925
330
61
88
336
843
970
881
238
653
326
561
873
253
298
785
399
287
436
993
599
993
227
395
580
320
364
463
357
120
203
577
365
776
644
479
8
798
308
859
927
297
446
844
974
657
904
384
249
118
202
744
308
767
877
257
7
295
833
569
73
233
70
75
614
820
689
554
537
965
995
503
80
578
241
506
980
332
945
927
376
137
99
54
190
759
287
452
716
502
795
872
6
724
48
283
867
517
707
715
89
570
800
21
928
483
543
796
831
3
569
746
467
433
967
840
428
495
915
575
891
942
432
360
529
968
779
432
960
731
805
46
334
171
639
955
876
398
56
367
435
172
89
647
666
846
119
2
139
838
11
491
549
782
288
118
352
821
476
509
707
488
683
358
519
722
385
286
840
653
209
716
554
300
61
526
222
331
199
326
990
808
136
829
918
767
151
480
536
792
96
309
97
695
68
195
579
929
149
868
895
666
105
364
511
385
302
596
636
792
822
433
170
162
949
882
67
154
558
268
718
705
218
105
647
962
590
777
772
560
979
788
661
269
387
964
63
159
722
443
993
684
152
318
184
871
919
25
556
419
289
19
906
670
64
943
764
739
292
407
378
17
728
324
607
965
382
485
632
326
603
829
788
126
165
493
677
319
85
795
167
921
145
771
566
965
822
549
123
724
464
748
269
348
142
87
807
90
143
412
799
271
605
736
154
820
10
240
20
112
520
597
357
800
154
623
443
960
524
696
946
610
660
398
971
459
369
727
63
122
939
328
254
454
517
81
915
807
444
74
627
859
635
971
578
815
462
261
765
98
279
383
973
392
36
216
325
272
799
328
99
471
19
20
146
203
869
15
839
586
901
980
704
53
482
114
539
314
185
391
908
937
751
320
167
865
48
266
573
876
307
711
161
876
581
936
907
738
439
489
451
948
665
587
520
86
703
938
707
819
696
7
953
952
400
512
855
907
663
733
402
644
762
393
656
932
791
155
188
810
126
497
24
342
660
270
622
245
347
988
44
819
1
789
251
445
828
273
489
550
324
771
156
966
948
260
149
196
639
778
477
963
670
250
102
608
953
715
777
404
228
779
699
919
772
710
996
74
457
186
873
496
389
957
164
297
906
397
212
551
336
287
540
368
40
687
582
445
445
843
730
873
437
465
778
725
369
487
267
980
235
168
850
96
626
176
218
642
711
306
484
108
53
921
52
362
980
917
368
926
541
913
314
449
501
497
335
979
17
86
394
925
240
28
522
580
363
61
274
598
913
193
157
188
140
497
895
724
121
88
678
836
889
972
30
157
306
261
627
304
68
491
858
338
76
269
13
329
264
368
426
114
555
482
933
532
447
188
223
403
367
628
380
92
473
570
947
368
970
198
479
113
415
826
929
207
520
581
331
114
989
893
494
901
857
382
96
113
969
324
760
552
779
97
534
607
553
306
515
201
546
874
838
865
957
895
37
905
266
458
896
157
729
313
491
303
958
35
699
298
645
1
996
48
501
915
967
555
875
831
369
783
478
758
111
807
560
792
455
347
476
441
329
496
354
838
278
981
852
655
698
516
6
211
260
982
379
335
262
54
20
288
847
143
897
327
77
299
249
480
355
166
93
380
232
113
378
518
938
668
907
168
992
95
243
102
948
709
41
502
536
861
604
142
810
415
234
540
490
534
489
378
329
281
326
364
501
681
990
25
445
661
105
276
787
517
397
278
758
133
875
447
191
884
353
991
620
70
548
504
111
456
656
710
587
332
680
689
493
846
848
219
974
122
120
152
896
189
770
352
894
85
891
386
530
591
0
755
711
101
930
137
975
87
410
13
512
617
789
834
429
392
257
183
20
91
624
748
48
84
471
395
681
813
440
628
945
588
82
639
749
831
108
177
301
441
174
680
905
840
25
484
626
692
875
400
555
519
807
338
176
811
345
806
156
758
820
339
475
605
507
526
750
134
595
805
817
928
838
864
992
492
229
486
328
992
518
425
943
219
732
335
972
769
223
697
394
903
86
982
571
887
499
624
346
59
19
997
470
879
452
210
618
803
870
932
525
922
92
129
883
391
876
412
232
408
243
34
719
511
52
945
76
857
3
631
176
525
503
842
608
615
912
549
98
425
430
646
217
348
363
626
263
985
211
379
297
493
333
513
148
358
304
702
382
914
456
727
622
705
754
661
17
415
277
691
732
776
859
473
687
763
243
979
586
933
859
880
156
688
532
981
119
769
780
128
313
288
296
406
705
404
421
874
94
120
453
94
266
516
999
819
706
456
263
949
550
798
347
827
704
521
573
827
538
773
685
350
742
44
70
189
469
343
271
791
631
543
108
799
614
154
988
125
281
671
419
928
763
682
376
812
234
788
157
883
605
58
1
649
289
974
67
818
518
725
887
55
933
821
708
614
973
76
475
498
386
0
628
892
316
202
34
886
648
596
80
281
34
384
593
628
99
819
114
405
930
50
671
964
356
167
581
465
844
312
329
356
79
289
552
447
315
835
98
230
551
613
416
325
599
278
853
736
735
228
752
774
26
102
615
773
743
489
427
855
133
775
67
740
71
875
660
96
63
714
939
612
625
894
246
97
684
281
635
279
513
966
237
536
226
528
180
853
590
392
945
103
1
441
361
777
303
716
843
986
952
20
10
558
740
227
119
766
853
380
925
588
673
888
513
293
517
746
99
395
612
551
553
661
166
58
189
136
611
751
793
976
491
850
483
805
580
632
961
600
101
515
785
204
533
580
86
562
635
771
442
422
442
634
560
57
40
828
661
822
269
710
544
762
795
30
469
301
867
62
825
166
547
461
896
631
284
651
109
797
539
530
439
106
781
324
726
129
398
448
459
501
650
470
291
923
519
492
649
200
779
396
331
173
300
196
12
590
874
405
868
784
849
210
298
289
378
357
160
105
906
146
631
118
526
710
187
737
589
938
189
988
657
86
401
187
666
427
282
661
226
376
479
860
113
887
123
720
47
775
866
19
637
298
101
684
192
297
165
848
553
812
603
209
906
802
569
457
25
514
671
6
387
672
733
915
755
668
594
440
95
825
368
262
969
161
441
477
918
433
385
785
21
976
903
51
807
804
669
686
998
103
615
328
785
829
610
621
55
72
353
943
325
558
648
523
992
721
916
600
872
16
770
71
402
472
431
699
610
925
720
670
862
724
734
490
823
22
601
182
57
573
837
423
917
919
440
39
54
637
666
630
990
548
540
346
962
428
886
877
203
732
727
326
71
441
474
654
448
629
342
835
438
795
357
887
742
873
994
359
67
964
75
114
160
623
131
984
404
745
131
281
636
660
232
930
190
358
425
917
789
767
316
674
697
746
696
938
900
551
317
944
600
50
694
937
282
585
14
75
825
147
945
845
142
870
473
119
552
196
266
402
689
786
238
512
299
169
381
761
217
643
296
156
351
349
741
49
636
748
981
237
811
990
301
774
582
995
221
98
140
747
458
229
247
232
269
350
78
459
497
659
338
117
350
242
356
700
653
905
338
789
359
997
169
295
903
565
696
784
821
216
697
577
999
598
279
945
223
206
660
322
490
744
126
9
705
646
859
793
450
24
424
118
685
722
593
207
245
930
84
996
507
93
713
150
735
377
403
683
858
153
824
428
819
137
784
675
79
430
562
226
102
758
743
452
806
767
477
957
700
437
949
434
709
762
293
33
714
643
1
390
437
306
617
857
331
230
36
722
700
112
226
606
151
516
56
779
888
282
231
386
220
577
32
982
520
979
411
653
297
482
166
982
577
912
292
851
212
585
169
460
597
11
228
291
34
520
120
196
562
345
360
501
474
881
485
776
107
599
908
209
975
538
609
853
446
31
452
884
311
989
261
893
914
271
999
994
168
313
279
973
501
293
590
984
549
993
52
981
327
921
554
877
909
456
219
944
420
493
173
364
735
531
959
65
396
464
661
834
319
763
738
135
77
683
570
809
687
419
584
978
482
533
168
112
269
260
440
310
956
3
129
851
462
492
786
412
230
451
868
587
116
932
961
386
293
941
786
313
863
170
711
126
146
210
773
541
963
648
764
837
565
87
227
883
139
75
936
687
68
661
319
84
828
89
737
180
32
230
606
513
573
628
887
509
330
596
625
771
140
1
585
574
350
592
550
234
331
499
830
611
23
532
222
220
411
626
37
951
487
987
774
129
232
53
26
872
597
608
796
813
96
486
3
48
983
740
345
60
706
855
339
433
909
866
975
747
288
673
339
385
636
76
470
910
780
770
457
513
43
656
940
416
259
602
887
930
0
237
261
904
39
482
439
146
488
71
289
592
932
744
72
224
528
539
394
6
761
381
287
211
634
464
884
625
783
857
128
855
134
187
468
197
491
680
978
235
114
187
111
261
795
854
560
771
395
282
229
611
484
18
219
420
214
92
8
76
243
725
116
451
573
36
698
868
38
399
320
514
71
445
651
454
630
835
408
798
473
354
271
12
583
345
466
150
757
374
614
243
72
347
466
206
964
576
130
164
146
905
301
885
690
837
571
397
441
821
786
271
3
267
804
256
257
539
565
806
853
182
32
717
565
119
921
400
985
359
164
509
494
58
869
436
577
173
926
682
459
242
507
603
562
946
287
616
461
307
701
138
753
402
218
670
900
381
182
693
499
26
559
592
334
338
396
652
705
900
564
434
16
483
113
314
840
280
421
874
694
411
44
753
1
699
431
882
434
201
689
95
531
865
327
96
992
842
290
652
829
201
136
411
187
25
991
409
914
650
458
227
620
878
783
981
61
498
87
712
905
10
72
195
262
941
417
710
493
50
473
654
72
276
536
313
813
168
81
595
593
20
708
152
246
424
492
328
416
683
923
591
481
393
900
767
347
811
285
600
901
791
822
586
906
241
625
516
25
637
606
217
231
95
908
17
409
48
574
997
623
23
787
119
463
820
229
474
216
188
917
596
816
478
968
828
201
841
5
507
881
379
86
776
859
193
319
40
337
554
961
530
98
178
967
300
746
288
404
575
177
720
710
79
709
538
860
507
135
324
34
882
371
680
112
699
475
696
226
570
542
272
455
143
477
505
548
522
575
876
782
574
528
436
124
520
84
529
0
339
950
67
417
895
501
620
296
367
270
611
616
102
758
789
87
884
984
659
880
613
416
780
232
208
380
270
428
621
725
281
799
957
349
592
918
707
558
684
46
146
836
396
178
357
293
339
741
532
514
917
507
345
391
970
628
519
371
868
791
973
33
541
715
740
924
356
915
52
25
238
965
968
211
239
424
487
619
128
247
551
653
679
190
870
299
996
775
118
107
301
46
123
982
274
755
572
403
689
18
601
18
2
630
42
978
501
603
388
421
333
873
732
434
629
565
663
900
515
796
223
193
690
335
614
422
925
996
567
670
542
473
934
477
119
377
894
592
614
362
527
690
152
335
802
341
815
175
96
771
445
180
437
695
803
803
560
337
199
514
717
644
452
279
520
775
85
918
955
832
160
133
670
203
41
133
383
906
189
69
693
310
624
256
478
656
572
999
546
145
768
358
619
576
960
744
117
561
136
560
96
878
863
742
559
894
606
884
514
121
160
617
225
723
83
729
790
125
161
966
780
328
653
956
993
484
465
161
984
844
551
157
274
91
298
428
532
68
534
698
358
168
799
911
750
886
820
279
971
225
880
476
358
906
403
443
549
269
625
684
871
605
641
954
489
344
714
118
645
219
674
26
626
735
309
851
541
647
194
836
438
983
244
523
419
133
458
307
639
168
949
535
816
798
680
177
518
840
33
342
697
672
719
516
130
571
253
758
35
978
95
257
471
190
212
759
730
659
824
305
160
317
247
60
758
112
896
865
514
507
919
752
557
171
259
353
580
351
556
807
405
309
166
4
932
277
319
552
423
700
70
403
975
690
425
307
349
703
104
798
442
671
90
736
121
176
213
210
893
946
837
41
850
190
605
943
468
291
470
850
843
179
445
131
824
843
543
112
959
242
207
344
520
785
215
932
633
596
794
962
439
379
545
418
552
190
225
623
242
846
87
911
274
7
588
968
0
20
442
527
453
469
517
10
347
787
3
125
647
412
167
886
829
837
570
326
267
16
864
294
899
64
427
133
689
348
371
198
931
344
533
981
20
350
272
858
893
596
370
696
328
740
728
291
520
361
240
9
430
994
686
628
507
430
371
943
123
239
751
970
80
738
969
37
111
936
659
489
776
720
774
925
542
157
570
279
935
333
261
457
449
518
378
555
689
830
508
50
805
924
171
319
584
893
465
651
415
553
445
59
334
879
386
364
221
621
878
376
907
600
376
225
842
414
435
774
4
186
397
196
701
511
210
624
291
983
724
427
901
763
862
846
312
353
281
665
23
288
200
517
958
473
326
507
122
510
358
452
221
234
228
313
305
47
363
382
723
906
68
801
781
386
70
617
158
895
800
175
903
148
391
218
861
944
273
324
833
202
922
531
187
294
977
763
674
598
960
44
715
462
67
314
736
693
236
976
193
113
866
361
312
78
422
868
846
752
276
794
132
173
708
362
642
226
500
723
37
781
508
718
858
849
357
902
94
359
918
466
472
646
829
835
332
275
463
916
650
545
271
497
878
370
23
241
602
108
531
715
740
420
850
272
958
566
366
855
357
511
937
308
971
215
340
730
443
767
543
922
257
22
962
224
218
706
756
496
250
834
342
901
189
674
998
908
796
72
253
623
138
157
718
123
346
105
311
620
706
646
862
107
722
69
155
302
245
604
675
808
836
206
43
262
737
505
398
356
686
956
39
705
505
595
59
689
556
912
41
146
644
40
128
302
709
55
990
294
495
348
462
638
432
791
45
505
408
262
848
750
837
311
64
761
474
298
125
36
453
292
211
606
240
405
911
490
528
60
62
190
3
440
935
504
98
894
294
825
719
834
891
273
770
26
592
787
156
870
769
233
141
437
67
427
709
870
279
496
911
376
53
834
342
840
882
7
270
387
545
50
80
434
96
304
583
598
320
839
230
732
183
92
772
928
532
278
161
611
750
533
231
24
330
384
557
158
302
944
496
602
851
283
232
112
624
797
797
370
688
796
692
992
884
236
77
829
317
190
3
642
524
29
83
378
235
799
743
778
984
999
259
958
347
30
949
547
706
570
851
285
392
605
409
564
134
716
544
37
192
125
767
810
439
494
660
359
145
588
882
873
945
924
158
470
56
623
285
146
467
367
162
42
852
440
234
902
352
531
217
419
838
785
475
750
740
570
960
585
997
986
211
14
398
352
1
78
258
463
510
583
933
612
657
696
370
97
634
648
68
987
579
732
781
670
154
944
939
712
127
210
523
544
394
84
796
762
869
991
932
220
133
534
632
783
469
826
734
184
456
318
683
646
337
694
940
79
855
980
677
653
473
168
796
856
486
483
279
96
509
138
170
728
548
102
877
341
935
162
382
764
900
29
863
672
82
151
206
683
132
100
215
847
103
62
548
179
17
97
996
939
559
526
262
422
940
203
218
135
957
239
85
102
432
868
997
680
647
307
520
78
933
402
990
453
288
65
965
845
516
115
841
447
501
774
80
288
672
62
124
779
559
270
197
113
994
847
762
264
20
230
536
105
238
302
309
751
25
559
365
926
441
417
458
405
841
297
599
518
785
254
741
699
568
247
629
343
774
100
827
454
165
493
593
750
995
836
669
184
913
443
753
397
241
858
763
984
284
818
300
583
639
816
110
877
231
279
734
815
681
902
261
146
490
798
865
796
9
786
841
800
583
245
313
143
227
30
459
321
881
191
646
53
489
378
514
982
501
420
243
739
641
991
173
162
353
808
119
877
917
454
48
586
511
145
341
686
441
436
12
325
377
734
185
80
624
659
932
408
637
454
731
978
459
775
481
979
386
555
645
126
428
527
32
149
255
512
46
232
914
215
39
411
612
306
343
504
66
746
515
437
917
635
831
285
952
280
127
892
714
883
16
330
113
941
734
993
274
467
811
781
384
710
37
831
37
36
848
923
818
399
173
835
936
930
840
484
831
707
580
353
166
275
526
431
82
175
740
221
372
586
540
293
614
326
936
608
962
585
662
747
432
310
48
555
910
560
967
775
603
589
929
323
937
507
460
485
413
13
636
153
338
675
31
354
687
156
745
170
811
645
168
34
470
961
218
494
346
809
57
982
56
295
489
127
85
591
477
833
117
45
210
554
218
385
963
905
811
167
58
269
75
907
551
212
263
524
488
183
745
889
867
919
974
82
466
381
863
680
477
682
63
55
348
595
244
173
386
804
418
901
258
314
977
648
197
478
296
305
503
679
706
443
322
895
220
468
8
672
488
619
535
633
219
673
724
927
903
891
618
112
992
479
665
569
285
828
681
1
829
335
713
646
187
918
575
722
282
612
88
83
457
694
107
192
41
741
271
648
69
761
910
659
115
100
822
201
451
860
569
598
586
171
644
105
97
181
637
956
405
820
276
696
668
178
793
726
405
214
440
578
938
449
801
205
196
268
139
162
743
608
853
916
265
616
39
133
222
199
235
845
585
690
633
336
679
807
850
753
44
716
943
585
260
50
572
857
480
263
182
518
394
124
293
628
61
271
600
621
868
2
662
808
601
380
198
917
46
738
137
64
772
771
849
330
895
465
254
920
889
62
39
626
797
237
614
36
391
742
676
832
638
323
230
588
723
998
671
872
641
70
843
27
955
968
444
293
501
608
12
639
542
993
979
65
554
31
506
50
170
104
145
896
461
58
942
278
63
536
93
378
780
970
412
593
55
58
743
587
213
108
306
906
38
766
112
924
995
170
408
411
180
648
159
447
516
532
722
879
325
993
280
726
770
198
815
766
882
750
914
136
453
546
444
485
498
375
129
19
1
76
262
214
164
727
663
967
140
61
465
975
14
184
765
625
868
16
753
264
97
611
323
54
261
773
757
200
296
335
630
864
362
584
251
203
425
438
229
941
65
351
312
963
640
341
320
211
333
38
285
462
435
662
348
277
594
500
829
850
155
149
433
363
748
792
96
151
907
60
776
513
365
149
167
472
634
178
264
946
211
160
166
48
730
194
507
870
697
720
759
494
798
986
62
785
616
670
759
482
226
286
355
657
981
366
119
157
508
397
432
328
291
184
835
499
691
41
332
189
678
527
553
676
856
400
403
821
909
459
422
662
614
826
786
124
871
783
400
291
319
892
185
105
906
763
910
896
695
82
352
753
453
601
948
460
317
518
759
137
820
958
862
479
146
744
375
961
350
155
86
505
179
888
529
266
135
985
549
117
20
359
566
638
493
750
824
595
783
282
668
214
234
539
470
83
189
987
744
942
672
790
868
524
322
218
368
746
206
412
266
12
393
529
418
649
657
533
731
779
403
460
923
161
864
701
667
404
212
202
394
626
793
72
844
875
450
361
358
364
202
694
610
104
129
133
824
478
344
41
548
402
718
711
199
164
799
274
793
791
734
329
683
574
545
772
908
343
401
196
765
119
934
561
171
207
897
404
490
791
31
835
268
101
982
157
51
294
382
71
840
370
682
710
125
68
709
651
670
832
265
590
362
707
531
837
188
585
61
381
466
875
499
467
383
648
306
675
627
891
578
507
751
863
245
635
127
331
54
154
531
812
42
593
360
831
981
688
766
15
47
87
837
608
350
714
835
501
535
103
445
627
651
636
431
239
670
711
370
876
59
893
12
637
970
860
989
165
800
721
30
738
241
748
398
875
763
179
417
9
481
722
585
745
840
933
319
136
710
45
255
712
497
518
192
866
829
782
854
825
711
173
273
39
574
176
966
794
759
785
21
861
451
250
247
961
455
28
888
92
502
148
930
459
780
34
985
383
728
339
887
601
347
455
706
320
612
587
361
247
942
84
839
579
45
873
535
927
342
242
34
859
497
566
579
715
61
132
962
101
840
969
777
87
598
801
428
856
699
501
240
507
731
104
607
327
850
298
480
989
428
768
969
53
519
777
334
795
773
79
475
623
252
329
750
172
97
86
430
993
848
262
616
787
198
692
118
95
184
522
52
276
829
469
200
138
41
754
652
197
173
32
972
132
803
68
105
877
679
812
191
39
188
745
378
717
178
922
907
399
480
45
404
414
738
664
987
879
574
689
583
636
243
338
546
605
486
511
785
626
86
203
20
132
449
736
762
705
271
477
646
563
303
526
288
144
160
860
672
263
505
372
799
29
843
560
100
706
853
998
11
759
986
393
689
999
393
731
67
625
665
855
44
423
577
617
889
753
663
629
765
220
890
403
292
932
708
413
118
462
100
581
566
773
574
376
701
355
42
546
45
912
907
183
44
411
849
670
973
810
429
760
808
280
173
857
703
532
234
11
742
113
450
514
699
375
844
52
795
404
763
505
611
627
419
907
772
209
597
935
866
816
541
580
547
541
167
737
162
325
552
128
842
454
761
987
917
513
476
469
244
65
857
238
994
586
412
920
773
979
320
43
544
929
735
489
156
672
448
926
145
305
368
582
424
48
989
906
826
684
222
594
986
951
203
272
449
469
637
840
472
682
754
599
101
884
395
791
884
535
491
693
451
363
663
671
775
872
657
280
943
797
602
264
531
727
137
181
530
501
968
891
31
851
11
665
136
678
656
85
111
847
701
454
384
714
734
651
296
664
546
475
78
632
250
504
261
729
728
320
516
228
333
956
967
180
399
869
48
469
285
859
680
350
159
710
529
212
383
974
107
48
64
263
188
372
607
207
638
552
846
216
136
456
501
790
671
833
16
537
156
808
286
127
365
644
469
385
952
800
92
29
157
831
198
576
353
745
560
724
504
811
308
988
358
206
457
276
495
286
186
981
330
151
406
404
51
171
170
899
33
729
916
266
167
929
193
555
973
320
192
419
945
113
426
819
625
656
924
819
360
744
465
121
808
215
641
646
236
184
94
193
444
899
425
555
693
368
63
21
105
222
45
711
603
247
214
254
971
993
298
240
803
460
441
408
232
812
126
2
507
789
495
329
59
424
937
233
873
429
985
29
134
368
122
566
249
369
357
205
374
779
711
114
115
968
105
637
556
496
680
304
192
601
405
762
284
431
605
700
958
983
192
70
357
986
377
910
923
373
364
807
613
522
298
868
534
678
419
806
133
572
152
740
776
760
68
478
481
767
625
817
38
547
40
447
381
46
912
270
634
519
178
700
844
92
153
507
904
248
729
483
839
92
893
771
198
375
238
630
601
493
431
246
854
23
725
420
510
224
891
200
524
341
619
761
260
190
42
803
510
473
518
705
579
311
245
437
790
948
128
940
590
344
399
163
374
832
438
401
964
590
144
378
904
761
3
468
489
763
881
647
381
434
419
26
873
70
589
289
35
338
47
472
296
587
910
543
425
422
308
306
463
35
694
575
75
51
360
467
713
280
729
247
751
493
594
740
118
435
320
476
595
778
668
712
164
997
28
65
429
978
454
828
382
48
381
856
430
578
314
483
172
86
175
905
676
355
753
491
377
991
644
744
624
620
289
445
921
705
704
632
958
308
708
26
671
554
875
592
716
822
341
732
599
89
621
202
427
523
503
241
891
400
870
352
115
896
850
776
891
755
286
378
961
928
430
948
441
48
38
107
776
600
923
112
254
308
909
485
437
724
814
73
468
989
75
539
841
925
427
865
57
37
286
249
911
112
899
687
885
309
476
965
305
420
571
399
617
60
453
557
584
748
506
168
237
847
279
791
326
156
720
52
693
167
690
586
398
832
963
890
584
94
674
198
798
956
461
671
766
782
831
894
477
897
48
794
523
216
172
132
662
101
540
711
261
614
86
738
448
404
427
700
385
201
684
715
271
529
13
889
908
376
768
397
273
374
506
237
277
238
274
177
431
91
969
662
772
671
310
364
210
80
272
770
57
995
868
501
363
577
333
746
603
171
751
606
158
459
240
103
117
992
768
823
110
133
180
46
184
533
618
511
482
177
515
30
747
579
657
419
724
16
91
362
964
894
322
415
485
231
836
843
235
128
411
648
327
556
133
590
294
867
575
309
990
139
240
273
315
718
887
404
663
239
457
70
304
185
25
342
790
369
125
24
158
856
563
805
180
20
339
13
890
59
426
371
698
598
311
607
960
857
394
953
695
404
364
630
801
737
72
288
577
966
183
849
969
123
495
64
401
757
41
646
241
372
567
777
163
593
743
660
320
729
55
328
294
417
461
873
255
250
36
149
828
642
167
153
526
651
161
454
300
270
590
223
312
760
940
161
774
123
89
937
920
894
922
723
627
881
450
889
271
240
428
608
234
835
922
145
777
945
456
355
953
517
402
381
14
417
796
706
213
136
973
474
884
461
414
424
871
837
397
24
552
953
583
475
83
266
279
4
404
878
45
56
240
12
819
211
132
209
452
171
973
213
704
668
691
476
488
290
732
921
468
911
160
887
957
448
623
34
523
172
244
158
503
691
452
746
602
489
803
888
405
452
337
937
518
218
234
614
44
744
63
360
466
568
636
123
749
714
418
494
177
349
375
874
880
669
27
768
296
768
87
205
321
171
615
126
939
94
202
179
975
459
366
492
139
441
400
530
472
635
976
689
191
749
221
171
33
181
761
499
919
689
961
818
421
176
57
306
725
721
242
582
338
315
733
226
456
820
463
316
124
616
225
691
496
80
471
511
727
806
21
623
803
619
793
86
559
320
752
81
518
44
891
79
862
632
584
10
865
141
404
427
110
509
694
704
511
736
10
83
375
938
294
197
784
133
187
969
99
680
643
620
518
993
387
54
838
578
793
786
452
239
448
126
3
135
639
340
827
68
730
189
127
777
629
484
418
951
354
99
275
190
942
326
644
527
780
69
833
950
590
104
393
116
182
722
243
468
569
222
767
904
401
45
762
339
191
93
608
487
634
810
448
100
364
571
249
377
369
328
790
556
344
358
340
836
391
250
601
439
155
542
52
581
155
801
750
358
886
9
702
185
985
718
836
49
306
27
169
752
648
243
759
996
761
38
125
590
753
592
460
196
651
306
572
24
603
839
624
15
726
702
661
727
158
120
367
922
503
159
382
65
678
727
678
986
585
253
717
150
542
18
799
422
436
178
0
958
184
766
2
296
118
439
6
208
124
551
85
218
986
729
545
26
462
969
945
317
168
58
157
909
470
175
503
230
3
290
441
552
583
950
146
520
222
901
24
693
753
27
350
990
598
312
713
109
731
857
691
203
784
268
425
782
557
141
150
353
994
463
506
412
949
409
301
950
596
537
848
912
24
92
998
178
254
715
894
524
98
819
511
34
39
69
910
415
520
124
646
936
140
309
593
629
313
819
619
816
635
726
811
967
255
3
869
684
86
921
92
577
4
396
456
409
964
54
235
584
518
951
382
928
197
165
746
800
284
654
24
889
50
875
920
959
532
285
715
990
66
490
744
96
86
67
307
411
490
891
433
251
608
939
479
67
988
671
287
843
276
435
853
576
302
780
357
857
94
404
611
71
569
307
98
736
506
797
741
545
881
519
709
108
570
234
118
95
133
882
485
31
739
141
184
181
944
276
333
829
581
328
810
863
243
183
552
914
105
139
885
423
851
910
12
507
979
960
773
412
497
346
113
514
74
546
832
845
435
461
283
666
180
496
553
332
690
916
758
221
637
164
253
242
996
128
415
521
345
969
55
253
473
468
126
979
79
652
618
11
102
367
684
818
967
464
673
937
713
397
859
803
263
162
905
265
63
269
354
774
587
137
918
577
709
196
288
526
684
462
834
158
148
723
648
402
564
847
597
656
284
290
341
360
708
874
420
314
938
143
954
310
776
71
225
826
845
238
734
970
404
102
609
906
564
972
879
294
938
15
116
974
944
142
772
981
475
978
408
633
526
694
315
86
705
328
923
70
596
336
557
186
218
680
671
213
946
790
40
725
597
1
179
111
455
872
290
267
568
419
440
921
403
63
283
97
267
90
612
104
443
302
212
65
637
592
187
785
443
344
711
309
77
270
17
106
927
736
588
637
24
330
903
980
899
804
946
127
995
526
239
980
946
453
995
913
537
618
255
284
102
845
10
913
121
669
89
823
56
29
256
821
827
893
382
546
349
105
205
782
82
943
29
800
839
950
606
587
479
703
673
495
240
167
435
742
980
972
503
893
187
185
587
249
57
428
33
680
561
559
540
171
764
885
861
698
7
509
903
416
120
914
449
749
412
220
266
351
7
854
424
608
864
790
633
35
509
209
804
862
311
821
575
437
892
925
233
335
712
560
371
503
108
769
504
289
23
976
869
113
314
979
623
9
134
683
680
424
507
975
719
844
154
596
161
735
149
554
353
490
106
81
167
700
68
301
530
730
392
574
542
202
47
388
13
895
286
369
520
905
664
537
988
78
285
986
564
506
37
525
899
633
814
473
948
646
107
356
322
689
623
463
617
429
157
827
546
885
243
182
835
326
908
305
205
88
461
238
482
828
512
72
955
890
33
642
374
211
496
167
373
205
366
699
395
424
342
680
0
930
333
461
339
613
291
840
364
150
360
292
510
390
979
712
878
761
113
181
63
4
38
120
963
581
975
789
358
953
580
999
491
732
468
145
916
94
425
435
670
351
358
329
663
673
455
635
561
134
9
121
256
332
248
635
286
503
963
834
16
113
268
879
673
934
863
259
280
678
923
662
456
797
105
818
910
168
463
654
366
99
128
562
486
248
262
906
329
494
735
958
791
281
522
816
895
377
566
856
157
591
913
63
220
198
703
750
145
87
171
455
458
82
142
137
352
132
202
48
717
897
529
831
838
921
81
224
330
356
974
289
52
792
292
611
475
319
118
629
671
779
654
799
708
122
142
752
860
709
417
251
358
644
383
485
411
549
490
214
295
326
302
163
751
884
607
467
386
149
298
903
583
697
106
56
809
182
352
923
649
86
362
829
244
837
711
480
603
231
567
809
684
979
495
653
544
896
171
987
521
413
911
967
890
849
5
747
449
375
759
978
591
373
509
366
815
176
805
317
187
867
125
29
93
726
358
442
550
889
914
877
691
988
60
691
653
959
289
33
194
342
157
28
382
826
100
672
827
176
441
630
191
12
47
967
980
728
179
490
393
834
660
50
469
577
164
384
930
866
563
236
231
941
46
104
172
725
489
450
414
328
211
375
380
371
143
467
422
157
153
484
323
598
956
977
167
97
500
198
502
790
262
951
301
44
544
938
267
449
544
596
520
444
104
672
567
834
995
88
879
885
57
369
559
632
714
986
80
214
773
449
260
626
684
262
985
840
92
193
327
516
793
826
549
797
654
337
264
405
26
508
756
208
578
316
650
460
881
736
952
725
923
466
797
764
151
406
49
186
922
442
132
138
138
452
199
912
821
813
720
913
580
640
962
577
939
189
115
262
684
285
699
754
809
9
363
709
565
548
597
126
341
342
582
640
178
837
907
218
210
650
567
807
714
217
812
803
2
166
504
282
383
937
6
967
44
391
658
368
723
791
812
684
778
77
908
250
80
434
988
720
355
868
978
496
41
892
481
619
365
182
555
410
899
821
655
989
555
372
167
776
946
463
51
942
377
997
621
336
966
28
623
557
958
540
157
771
398
827
218
826
20
956
632
565
759
830
7
579
215
324
993
228
23
73
290
736
470
877
928
489
744
911
309
78
285
488
574
587
515
5
959
38
635
163
347
369
445
731
308
123
931
425
555
168
859
350
443
497
864
669
389
439
174
722
349
338
519
923
645
172
333
794
210
525
590
72
481
798
880
36
271
83
846
941
54
397
907
187
797
582
696
850
879
446
461
718
544
872
339
491
312
767
920
661
639
453
139
332
525
586
661
789
834
995
439
247
225
900
969
490
74
842
273
410
19
341
737
835
594
444
195
505
570
996
330
432
393
23
598
834
650
860
756
305
494
605
158
854
82
333
246
179
152
582
645
139
236
183
790
326
420
216
728
432
397
823
200
252
776
12
216
521
457
543
143
72
551
410
401
273
254
135
881
786
801
542
446
641
466
93
671
157
641
487
625
417
930
83
230
798
404
512
16
693
718
67
424
690
531
717
502
48
460
180
525
898
55
93
880
920
452
240
207
702
142
221
536
952
727
812
511
504
829
41
430
61
807
0
191
508
303
362
918
813
11
199
76
664
345
682
700
101
687
174
882
409
807
878
724
405
934
11
816
7
945
111
893
788
217
760
895
829
373
92
655
836
816
934
899
736
724
868
677
640
480
221
476
339
560
464
612
2
246
170
55
191
324
175
519
137
374
904
498
338
309
393
976
810
259
598
804
925
863
999
215
907
448
604
100
796
564
148
295
629
480
662
496
561
347
254
749
42
349
576
926
285
358
260
597
502
462
373
548
529
18
849
978
761
570
437
110
697
398
468
619
333
321
138
275
946
48
398
321
464
63
53
871
991
908
1
309
954
753
726
38
383
238
356
150
42
294
921
884
749
349
644
5
896
978
542
394
176
214
755
816
257
517
786
951
594
604
139
964
516
292
185
656
709
7
146
294
829
367
672
974
323
193
3
279
35
994
934
712
935
634
715
804
80
751
804
591
463
963
989
772
136
949
596
651
642
945
89
204
368
23
623
50
510
900
547
263
453
446
70
328
95
137
516
583
78
803
112
47
750
174
574
779
333
830
707
462
269
351
97
662
771
876
514
598
43
293
760
185
24
589
200
408
196
459
530
100
334
876
443
64
25
728
408
604
590
155
561
431
52
675
71
573
74
891
225
852
544
859
466
533
794
514
653
8
467
621
917
243
512
313
916
568
830
345
287
811
242
916
131
398
590
257
953
993
113
141
128
21
668
402
401
363
580
979
200
812
811
328
304
625
182
489
30
433
484
276
6
981
810
536
538
738
814
471
156
175
283
407
459
897
736
988
864
723
903
794
50
586
950
765
964
375
730
812
97
569
703
972
701
717
738
17
175
770
571
836
775
626
894
697
144
981
328
699
960
658
222
104
897
170
76
99
761
285
277
376
24
128
849
434
711
600
265
237
237
606
287
306
988
256
107
235
263
952
104
101
203
462
219
934
948
193
553
444
348
255
690
383
95
23
211
119
256
353
740
298
155
281
566
97
29
151
193
963
46
324
696
694
663
108
339
295
695
343
905
410
300
740
367
784
225
803
844
52
652
573
336
201
206
136
834
98
427
570
497
545
871
836
738
180
696
114
767
646
446
665
633
352
252
132
193
374
685
565
429
449
439
944
206
345
77
512
229
356
16
355
796
569
717
596
326
554
462
943
588
392
809
476
75
925
889
510
301
436
905
672
58
999
232
465
538
190
677
223
924
303
515
526
496
50
272
888
920
378
4
945
770
336
358
91
795
888
364
180
879
47
97
443
947
639
370
701
953
913
728
606
916
23
861
153
665
9
764
858
898
161
767
263
577
494
336
301
719
545
975
68
277
742
324
506
650
385
289
388
85
84
118
252
588
345
298
975
462
75
137
429
795
391
602
570
605
676
986
222
542
304
887
626
661
794
355
436
715
77
455
692
32
656
938
292
202
4
671
660
896
760
44
301
626
65
617
87
518
152
439
698
878
585
105
809
394
306
230
401
496
742
729
204
603
659
841
894
593
861
214
468
212
741
430
675
145
936
63
821
681
554
482
423
496
359
860
317
494
678
643
140
309
28
857
601
53
932
660
707
214
130
795
104
667
583
347
87
239
256
553
942
607
647
949
249
70
350
845
324
876
131
515
182
576
957
27
90
382
873
287
502
258
72
840
12
590
117
82
513
960
972
814
798
764
917
78
945
700
522
435
177
476
295
801
203
409
493
964
66
649
322
521
923
893
320
649
289
746
204
242
6
633
774
601
927
51
925
275
264
454
40
208
473
995
207
165
344
380
953
262
731
705
393
600
208
820
574
158
466
94
167
19
59
200
406
398
472
912
927
426
853
541
687
846
403
953
881
185
183
650
450
488
222
994
267
359
322
303
883
552
188
833
601
297
663
442
444
863
105
596
165
869
88
996
1
892
722
724
472
252
140
449
278
835
995
151
621
770
667
348
771
799
555
379
539
23
868
953
842
330
181
917
219
832
158
704
130
36
292
349
240
992
116
328
845
785
936
47
195
175
270
998
987
205
103
729
325
767
977
209
490
607
967
234
369
229
761
306
509
248
406
258
124
731
759
20
403
539
750
489
485
936
918
140
915
763
731
430
747
491
77
538
460
17
313
249
110
554
192
714
147
758
900
490
768
242
76
303
562
144
484
847
636
401
487
245
711
119
332
554
464
334
613
814
982
857
291
806
35
237
468
571
694
346
518
892
939
694
547
13
424
768
397
450
633
204
831
904
499
144
8
996
449
5
390
912
747
400
238
721
110
726
772
760
725
510
339
931
890
742
416
529
796
823
131
891
692
919
483
254
517
40
702
55
61
79
2
397
577
275
713
933
243
422
310
194
598
821
369
727
731
644
448
983
847
998
504
285
883
319
850
755
309
378
437
153
228
926
230
702
553
630
813
709
112
671
308
858
474
826
410
266
201
275
823
848
419
714
597
954
828
538
609
420
812
120
623
84
627
23
863
113
441
256
337
104
447
87
13
369
541
703
556
789
307
404
810
296
257
914
308
589
112
556
263
868
640
521
648
983
314
438
227
451
411
856
410
833
526
225
216
381
730
750
407
505
694
215
4
11
711
776
18
461
47
635
156
175
27
965
994
83
643
746
459
797
696
86
462
722
374
754
221
350
146
263
196
355
52
667
843
210
794
405
639
51
782
253
905
428
324
146
393
542
336
812
979
566
528
848
205
370
318
686
475
170
261
390
389
443
144
129
111
297
22
82
677
658
346
199
99
835
828
194
624
158
562
933
360
330
431
484
448
623
935
557
666
725
244
29
495
276
843
630
721
486
713
3
921
393
196
345
542
923
783
259
414
970
232
526
524
39
909
119
244
303
985
349
543
715
681
288
810
930
694
204
834
39
43
828
773
901
188
401
428
184
815
406
311
930
200
378
647
635
555
263
514
115
950
495
277
890
816
954
25
400
658
708
301
248
879
582
248
816
703
985
21
93
152
645
727
7
483
76
786
281
990
674
436
196
379
939
978
51
883
805
416
323
507
257
829
661
211
740
839
544
598
281
371
113
982
166
492
610
952
869
783
997
204
255
974
544
652
194
688
85
892
349
732
809
329
623
873
138
114
495
899
576
484
213
390
937
977
323
435
602
178
961
253
479
668
919
839
211
659
284
451
875
502
711
968
378
101
405
319
962
599
204
312
719
846
331
916
193
764
840
719
431
691
151
647
386
161
884
286
378
340
339
440
558
197
810
226
987
306
386
562
493
689
482
390
495
374
605
331
23
526
300
952
343
230
239
292
113
952
722
362
156
975
842
397
713
399
714
882
764
32
20
961
347
938
685
40
642
543
689
664
602
784
364
708
706
377
475
791
502
356
324
631
450
607
914
396
603
974
133
319
772
36
120
322
466
619
864
427
676
184
900
295
471
565
597
644
598
494
501
417
880
720
85
760
976
726
85
738
285
950
403
833
277
186
557
789
866
442
706
439
473
275
321
277
656
748
451
3
123
803
829
390
136
742
830
645
15
645
826
859
825
532
983
37
937
926
574
647
639
963
916
279
867
357
240
773
754
271
464
521
388
62
714
331
321
128
642
399
58
822
77
123
845
981
436
88
546
96
895
37
267
256
161
461
479
748
265
619
819
85
317
859
274
29
620
131
724
165
334
342
179
489
818
556
463
677
367
682
248
21
661
986
910
690
99
876
443
768
841
628
241
448
52
490
14
746
922
281
772
991
854
232
130
417
419
455
731
405
908
651
382
476
681
546
324
458
938
88
48
159
586
521
566
137
686
949
143
601
805
110
248
317
717
78
773
514
684
436
956
365
441
978
219
319
651
428
747
598
335
163
996
444
835
44
756
48
464
415
132
460
530
438
362
839
235
998
396
717
592
940
915
34
284
771
503
148
310
26
933
908
102
308
725
464
420
212
194
466
484
200
187
146
513
801
706
717
468
278
695
108
483
760
863
21
318
649
516
719
666
336
478
449
311
796
242
292
670
567
257
836
315
394
462
491
516
832
397
701
338
818
38
285
761
351
168
38
177
242
773
989
261
68
814
845
349
365
209
790
603
124
31
336
815
619
327
519
970
476
995
590
528
175
601
966
619
443
117
720
916
722
300
535
970
967
885
636
803
954
462
456
143
778
299
943
949
331
821
102
410
358
655
380
564
443
728
567
861
168
601
623
528
737
986
662
293
581
624
918
540
815
973
442
835
713
589
295
736
242
110
920
614
899
418
351
84
549
362
876
912
918
384
456
766
294
560
653
767
728
999
839
649
211
159
884
178
917
391
75
113
519
414
787
705
64
253
33
722
204
436
193
455
914
80
705
923
429
369
280
523
193
918
442
687
714
146
428
448
999
853
671
96
553
853
290
889
68
256
398
258
726
465
967
848
119
753
275
725
379
609
654
326
961
327
157
670
188
785
410
468
352
73
236
580
918
632
563
333
7
247
526
756
495
192
801
186
876
133
82
564
43
355
999
130
143
120
613
558
798
606
352
239
866
110
516
429
266
553
231
312
170
204
827
325
29
537
342
969
864
131
620
44
965
882
419
125
413
72
323
679
264
942
554
952
624
630
787
350
14
200
797
549
677
280
583
403
101
468
908
651
798
643
343
703
451
211
112
960
326
755
545
89
872
784
610
259
645
520
830
356
525
610
167
350
701
882
111
703
75
22
98
832
17
316
592
773
925
189
760
192
766
756
633
104
5
955
993
534
388
511
503
780
77
674
102
213
135
564
136
536
648
232
959
743
177
706
713
393
277
241
400
11
617
756
556
99
765
526
177
691
3
231
664
78
393
65
504
644
322
159
333
942
269
249
898
590
51
945
568
8
670
321
431
820
686
140
724
1
801
944
858
415
90
983
830
712
208
758
233
499
147
74
58
592
658
832
248
605
976
610
408
281
60
605
337
689
696
875
82
602
305
160
83
156
242
919
317
249
740
626
572
981
44
553
858
265
842
230
591
276
866
588
331
46
466
206
363
375
708
269
973
100
833
97
546
502
255
281
70
291
897
739
732
445
67
218
62
219
223
983
448
868
334
517
394
108
282
266
27
366
458
929
566
137
655
693
423
679
542
43
692
466
82
592
480
345
458
644
365
418
379
542
905
479
216
139
888
480
907
453
534
97
318
751
370
35
373
173
231
47
627
434
671
225
4
554
195
372
632
834
651
103
229
721
114
448
918
339
227
295
990
63
564
831
597
940
221
867
357
409
800
347
863
463
216
93
295
149
671
713
738
962
714
826
72
306
424
242
899
548
317
230
770
902
106
162
486
577
766
916
341
136
110
716
850
267
813
565
107
237
76
534
783
67
78
255
531
212
36
468
890
180
903
867
143
677
730
392
908
472
935
888
606
765
797
559
460
589
386
744
116
376
260
721
606
21
925
618
396
106
361
90
141
211
53
68
323
26
465
40
220
910
297
670
112
995
937
433
234
598
485
315
232
382
189
288
165
304
800
869
947
551
464
68
542
707
532
863
435
746
929
272
681
766
231
652
280
294