522
235
457
456
90
22
395
512
101
876
128
137
838
344
374
150
978
901
44
884
886
44
836
178
174
707
759
118
901
285
110
809
991
717
827
198
989
531
981
665
770
37
138
665
603
490
491
906
223
629
483
350
757
610
575
650
19
909
192
930
768
891
902
284
412
428
470
687
993
327
73
585
719
759
380
85
97
816
362
63
325
658
549
562
97
499
297
413
640
295
913
996
23
624
684
905
817
515
419
107
907
312
641
215
891
158
392
236
760
392
833
415
637
37
339
277
297
299
654
897
350
956
154
609
214
566
827
197
758
979
472
111
191
145
559
466
884
948
151
161
553
286
177
164
21
921
642
658
117
917
268
789
858
228
163
183
810
33
793
780
461
700
551
704
494
325
14
550
261
182
772
65
459
169
207
983
443
744
396
354
632
68
123
762
212
485
320
577
892
869
502
349
909
736
98
4
871
917
771
884
389
625
71
587
797
629
793
699
787
506
323
308
693
503
687
851
589
72
526
880
197
970
523
136
222
998
571
674
464
20
593
753
593
841
632
490
744
868
118
977
971
619
998
497
693
723
364
758
832
774
27
761
266
515
909
207
128
59
780
955
109
925
380
969
33
160
941
416
857
282
782
791
500
577
739
290
344
550
248
739
200
714
531
913
472
993
412
609
970
666
982
283
214
187
439
903
482
180
91
572
300
857
73
142
965
911
224
977
9
871
461
631
41
18
49
818
182
279
920
965
744
805
429
928
87
894
295
82
764
428
106
871
486
839
593
114
91
888
122
890
833
214
179
829
816
707
781
455
133
793
72
789
200
656
761
311
957
528
163
552
748
405
225
20
235
637
23
98
131
531
206
447
951
567
459
263
78
685
225
55
286
439
60
364
304
882
951
541
543
640
475
282
301
943
865
765
355
941
377
583
341
985
638
836
106
504
803
262
225
116
363
68
310
147
362
302
915
546
6
0
444
417
111
685
522
254
955
158
539
993
980
897
554
542
412
666
977
30
664
822
914
785
687
41
274
891
808
786
79
966
333
841
711
907
349
697
851
629
638
848
605
746
258
303
276
11
756
650
288
142
750
801
287
248
687
645
580
622
964
832
108
415
854
288
220
538
142
459
409
71
592
929
437
825
611
674
795
18
684
610
998
732
566
108
31
831
701
972
46
195
681
596
746
796
849
93
278
524
751
192
393
486
903
628
831
875
818
948
195
815
448
838
640
212
460
600
842
874
579
878
825
526
167
398
393
70
623
807
793
347
298
619
218
225
505
224
429
457
812
81
288
888
898
698
8
251
583
699
51
901
115
606
44
856
241
925
439
623
24
764
94
127
457
613
895
115
150
248
435
789
356
743
989
738
565
131
262
82
195
424
489
730
14
191
964
818
385
452
136
314
301
904
92
873
373
160
160
175
557
563
765
112
563
589
50
158
678
210
592
745
333
125
650
662
898
148
827
479
396
905
222
572
571
655
484
60
929
739
192
392
637
530
134
818
669
965
357
797
124
541
248
125
757
43
201
641
922
421
966
663
65
966
234
319
918
671
177
41
323
569
531
917
213
234
724
819
292
414
13
989
462
988
53
750
223
463
977
700
764
195
738
278
449
265
422
930
655
838
863
471
638
480
838
508
147
73
137
104
514
155
792
677
546
856
879
509
926
572
399
445
823
846
494
877
686
355
486
657
477
514
500
796
48
729
376
167
982
499
936
473
878
297
53
351
855
690
229
315
654
241
263
471
525
591
21
511
890
172
442
279
667
306
765
570
151
518
491
546
722
674
44
752
110
679
623
141
903
52
813
204
636
779
355
383
675
409
547
55
379
883
231
600
414
163
560
878
179
932
832
961
540
614
107
192
11
726
676
198
819
926
57
731
193
883
458
20
859
428
688
242
49
872
330
915
94
481
354
428
827
878
157
957
830
162
868
492
715
656
970
142
233
7
930
870
745
121
394
589
351
782
111
372
522
564
724
982
67
802
669
799
130
561
900
961
9
695
249
317
844
634
747
559
91
331
153
990
908
791
514
162
960
352
87
683
594
506
614
737
829
711
152
251
936
168
618
105
438
198
236
697
766
964
130
153
628
355
201
597
727
169
672
421
192
301
109
446
132
176
356
21
328
667
117
938
984
685
284
745
323
640
953
899
96
98
239
784
240
745
291
603
555
485
135
714
550
777
2
751
937
437
318
182
672
190
265
628
520
49
244
811
549
110
35
181
971
709
910
206
185
595
746
374
370
219
233
119
564
731
855
330
220
464
54
409
510
787
684
139
985
570